Isin, Datum, Zeit, Kurs, Volumen, Off Book
CH1112956201, 17.12.2025, 10:00, 1309.000000, 1.000000,
CH1112956201, 18.12.2025, 08:34, 1311.000000, 18.000000,
CH1112956201, 18.12.2025, 09:48, 1320.000000, 3.000000,
CH1112956201, 19.12.2025, 10:21, 1350.000000, 10.000000,
CH1112956201, 19.12.2025, 10:54, 1369.000000, 4.000000,
CH1112956201, 19.12.2025, 10:54, 1380.000000, 6.000000,
CH1112956201, 19.12.2025, 10:21, 1369.000000, 5.000000,
CH1112956201, 22.12.2025, 10:38, 1370.000000, 15.000000,
CH1112956201, 22.12.2025, 16:02, 1380.000000, 4.000000,
CH1112956201, 23.12.2025, 09:55, 1430.000000, 15.000000,
CH1112956201, 23.12.2025, 11:49, 1360.000000, 4.000000,
CH1112956201, 23.12.2025, 11:49, 1331.000000, 26.000000,
CH1112956201, 23.12.2025, 11:49, 1320.000000, 7.000000,
CH1112956201, 23.12.2025, 11:50, 1313.000000, 10.000000,
CH1112956201, 23.12.2025, 13:52, 1313.000000, 20.000000,
CH1112956201, 23.12.2025, 14:06, 1315.000000, 20.000000,
CH1112956201, 23.12.2025, 11:49, 1330.000000, 15.000000,
CH1112956201, 23.12.2025, 13:57, 1313.000000, 18.000000,
CH1112956201, 23.12.2025, 15:19, 1315.000000, 25.000000,
CH1112956201, 23.12.2025, 15:38, 1309.000000, 14.000000,
CH1112956201, 23.12.2025, 16:56, 1315.000000, 13.000000,
CH1112956201, 29.12.2025, 08:31, 1315.000000, 10.000000,
CH1112956201, 29.12.2025, 10:24, 1310.000000, 5.000000,
CH1112956201, 23.12.2025, 15:38, 1307.000000, 1.000000,
CH1112956201, 29.12.2025, 08:31, 1315.000000, 22.000000,
CH1112956201, 29.12.2025, 08:31, 1310.000000, 8.000000,
CH1112956201, 29.12.2025, 13:48, 1315.000000, 1.000000,
CH1112956201, 29.12.2025, 16:30, 1315.000000, 9.000000,
CH1112956201, 29.12.2025, 16:48, 1310.000000, 2.000000,
CH1112956201, 29.12.2025, 16:30, 1317.000000, 1.000000,
CH1112956201, 30.12.2025, 08:30, 1307.000000, 1.000000,
CH1112956201, 30.12.2025, 08:41, 1307.000000, 6.000000,
CH1112956201, 30.12.2025, 15:54, 1317.000000, 1.000000,
CH1112956201, 05.01.2026, 08:30, 1305.000000, 1.000000,
CH1112956201, 05.01.2026, 09:49, 1317.000000, 15.000000,
CH1112956201, 05.01.2026, 10:32, 1317.000000, 16.000000,
CH1112956201, 05.01.2026, 10:45, 1305.000000, 1.000000,
CH1112956201, 05.01.2026, 16:32, 1317.000000, 20.000000,
CH1112956201, 06.01.2026, 10:04, 1305.000000, 16.000000,
CH1112956201, 06.01.2026, 10:04, 1302.000000, 54.000000,
CH1112956201, 06.01.2026, 14:48, 1302.000000, 12.000000,
CH1112956201, 06.01.2026, 15:38, 1302.000000, 15.000000,
CH1112956201, 07.01.2026, 08:30, 1317.000000, 15.000000,
CH1112956201, 07.01.2026, 13:47, 1317.000000, 10.000000,
CH1112956201, 07.01.2026, 14:07, 1302.000000, 16.000000,
CH1112956201, 07.01.2026, 14:44, 1317.000000, 12.000000,
CH1112956201, 07.01.2026, 14:51, 1317.000000, 2.000000,
CH1112956201, 07.01.2026, 15:44, 1302.000000, 3.000000,
CH1112956201, 07.01.2026, 16:39, 1317.000000, 14.000000,
CH1112956201, 06.01.2026, 16:15, 1317.000000, 12.000000,
CH1112956201, 07.01.2026, 14:44, 1317.000000, 3.000000,
CH1112956201, 07.01.2026, 15:44, 1302.000000, 7.000000,
CH1112956201, 08.01.2026, 09:36, 1317.000000, 13.000000,
CH1112956201, 08.01.2026, 16:25, 1317.000000, 5.000000,
CH1112956201, 08.01.2026, 16:59, 1317.000000, 10.000000,
CH1112956201, 09.01.2026, 13:15, 1317.000000, 20.000000,
CH1112956201, 12.01.2026, 09:43, 1305.000000, 16.000000,
CH1112956201, 13.01.2026, 08:30, 1315.000000, 5.000000,
CH1112956201, 12.01.2026, 09:43, 1302.000000, 100.000000,
CH1112956201, 12.01.2026, 09:43, 1300.000000, 64.000000,
CH1112956201, 12.01.2026, 09:43, 1302.000000, 70.000000,
CH1112956201, 13.01.2026, 13:47, 1315.000000, 16.000000,
CH1112956201, 13.01.2026, 14:44, 1315.000000, 15.000000,
CH1112956201, 13.01.2026, 15:19, 1310.000000, 12.000000,
CH1112956201, 13.01.2026, 15:37, 1310.000000, 1.000000,
CH1112956201, 21.06.2021, 11:52, 837.000000, 2.000000,
CH1112956201, 21.06.2021, 13:36, 837.000000, 30.000000,
CH1112956201, 21.06.2021, 15:08, 837.000000, 15.000000,
CH1112956201, 21.06.2021, 15:58, 837.000000, 8.000000,
CH1112956201, 22.06.2021, 10:14, 837.000000, 15.000000,
CH1112956201, 22.06.2021, 10:40, 837.000000, 5.000000,
CH1112956201, 23.06.2021, 08:44, 890.000000, 5.000000,
CH1112956201, 23.06.2021, 09:55, 835.000000, 8.000000,
CH1112956201, 14.01.2026, 11:46, 1315.000000, 30.000000,
CH1112956201, 14.01.2026, 11:57, 1315.000000, 15.000000,
CH1112956201, 23.06.2021, 11:49, 890.000000, 5.000000,
CH1112956201, 23.06.2021, 13:26, 890.000000, 15.000000,
CH1112956201, 24.06.2021, 11:38, 885.000000, 15.000000,
CH1112956201, 24.06.2021, 15:02, 910.000000, 5.000000,
CH1112956201, 25.06.2021, 08:33, 890.000000, 5.000000,
CH1112956201, 25.06.2021, 08:35, 890.000000, 18.000000,
CH1112956201, 25.06.2021, 08:35, 915.000000, 2.000000,
CH1112956201, 24.06.2021, 11:38, 890.000000, 20.000000,
CH1112956201, 24.06.2021, 15:02, 915.000000, 10.000000,
CH1112956201, 24.06.2021, 15:24, 890.000000, 28.000000,
CH1112956201, 24.06.2021, 15:24, 890.000000, 2.000000,
CH1112956201, 28.06.2021, 09:32, 910.000000, 15.000000,
CH1112956201, 28.06.2021, 10:03, 914.000000, 10.000000,
CH1112956201, 28.06.2021, 10:08, 914.000000, 10.000000,
CH1112956201, 28.06.2021, 13:16, 900.000000, 15.000000,
CH1112956201, 28.06.2021, 15:53, 915.000000, 24.000000,
CH1112956201, 29.06.2021, 11:11, 915.000000, 10.000000,
CH1112956201, 15.01.2026, 12:02, 1315.000000, 15.000000,
CH1112956201, 30.06.2021, 08:31, 915.000000, 16.000000,
CH1112956201, 30.06.2021, 09:46, 900.000000, 16.000000,
CH1112956201, 30.06.2021, 09:46, 890.000000, 14.000000,
CH1112956201, 30.06.2021, 11:04, 890.000000, 16.000000,
CH1112956201, 30.06.2021, 13:21, 890.000000, 10.000000,
CH1112956201, 30.06.2021, 13:42, 845.000000, 5.000000,
CH1112956201, 30.06.2021, 15:37, 885.000000, 5.000000,
CH1112956201, 30.06.2021, 16:24, 890.000000, 25.000000,
CH1112956201, 01.07.2021, 08:33, 890.000000, 10.000000,
CH1112956201, 02.07.2021, 08:30, 890.000000, 15.000000,
CH1112956201, 30.06.2021, 11:04, 890.000000, 75.000000,
CH1112956201, 30.06.2021, 13:42, 841.000000, 5.000000,
CH1112956201, 30.06.2021, 15:37, 890.000000, 10.000000,
CH1112956201, 02.07.2021, 09:46, 890.000000, 22.000000,
CH1112956201, 02.07.2021, 15:23, 870.000000, 6.000000,
CH1112956201, 02.07.2021, 15:55, 850.000000, 20.000000,
CH1112956201, 02.07.2021, 15:58, 870.000000, 24.000000,
CH1112956201, 05.07.2021, 13:28, 890.000000, 5.000000,
CH1112956201, 06.07.2021, 09:07, 890.000000, 15.000000,
CH1112956201, 02.07.2021, 15:23, 870.000000, 20.000000,
CH1112956201, 16.01.2026, 08:44, 1310.000000, 2.000000,
CH1112956201, 16.01.2026, 09:55, 1310.000000, 2.000000,
CH1112956201, 16.01.2026, 10:04, 1315.000000, 15.000000,
CH1112956201, 16.01.2026, 14:42, 1300.000000, 10.000000,
CH1112956201, 07.07.2021, 11:47, 890.000000, 10.000000,
CH1112956201, 07.07.2021, 14:24, 915.000000, 2.000000,
CH1112956201, 07.07.2021, 14:42, 915.000000, 5.000000,
CH1112956201, 07.07.2021, 15:02, 880.000000, 3.000000,
CH1112956201, 08.07.2021, 14:12, 914.000000, 2.000000,
CH1112956201, 09.07.2021, 11:48, 880.000000, 7.000000,
CH1112956201, 07.07.2021, 15:02, 880.000000, 10.000000,
CH1112956201, 09.07.2021, 11:48, 851.000000, 7.000000,
CH1112956201, 16.01.2026, 09:55, 1315.000000, 14.000000,
CH1112956201, 07.07.2021, 11:47, 890.000000, 22.000000,
CH1112956201, 07.07.2021, 15:02, 880.000000, 2.000000,
CH1112956201, 12.07.2021, 08:55, 905.000000, 5.000000,
CH1112956201, 12.07.2021, 10:11, 851.000000, 10.000000,
CH1112956201, 12.07.2021, 10:11, 850.000000, 25.000000,
CH1112956201, 13.07.2021, 11:38, 905.000000, 12.000000,
CH1112956201, 13.07.2021, 14:37, 905.000000, 4.000000,
CH1112956201, 13.07.2021, 15:29, 851.000000, 10.000000,
CH1112956201, 13.07.2021, 16:14, 849.000000, 59.000000,
CH1112956201, 15.07.2021, 09:32, 850.000000, 15.000000,
CH1112956201, 15.07.2021, 11:39, 850.000000, 40.000000,
CH1112956201, 13.07.2021, 15:29, 850.000000, 10.000000,
CH1112956201, 13.07.2021, 16:14, 850.000000, 16.000000,
CH1112956201, 13.07.2021, 15:29, 850.000000, 11.000000,
CH1112956201, 16.07.2021, 08:31, 850.000000, 15.000000,
CH1112956201, 16.07.2021, 10:53, 850.000000, 20.000000,
CH1112956201, 20.07.2021, 10:18, 880.000000, 4.000000,
CH1112956201, 13.07.2021, 15:29, 850.000000, 15.000000,
CH1112956201, 19.07.2021, 14:05, 850.000000, 5.000000,
CH1112956201, 19.07.2021, 14:05, 849.000000, 10.000000,
CH1112956201, 19.01.2026, 10:08, 1315.000000, 1.000000,
CH1112956201, 19.01.2026, 10:40, 1315.000000, 25.000000,
CH1112956201, 19.01.2026, 15:20, 1315.000000, 13.000000,
CH1112956201, 19.01.2026, 15:37, 1315.000000, 2.000000,
CH1112956201, 20.01.2026, 08:30, 1315.000000, 8.000000,
CH1112956201, 21.07.2021, 16:24, 878.000000, 1.000000,
CH1112956201, 22.07.2021, 08:31, 849.000000, 15.000000,
CH1112956201, 22.07.2021, 14:05, 849.000000, 4.000000,
CH1112956201, 21.07.2021, 16:24, 849.000000, 4.000000,
CH1112956201, 20.01.2026, 08:30, 1317.000000, 7.000000,
CH1112956201, 26.07.2021, 08:31, 850.000000, 15.000000,
CH1112956201, 26.07.2021, 09:06, 880.000000, 11.000000,
CH1112956201, 27.07.2021, 08:33, 880.000000, 3.000000,
CH1112956201, 20.01.2026, 15:30, 1302.000000, 30.000000,
CH1112956201, 20.01.2026, 15:40, 1317.000000, 30.000000,
CH1112956201, 21.01.2026, 09:15, 1317.000000, 1.000000,
CH1112956201, 21.01.2026, 10:36, 1317.000000, 1.000000,
CH1112956201, 26.07.2021, 08:31, 849.000000, 5.000000,
CH1112956201, 27.07.2021, 10:55, 905.000000, 10.000000,
CH1112956201, 27.07.2021, 10:55, 910.000000, 49.000000,
CH1112956201, 27.07.2021, 11:39, 910.000000, 30.000000,
CH1112956201, 27.07.2021, 15:12, 880.000000, 1.000000,
CH1112956201, 27.07.2021, 16:27, 910.000000, 5.000000,
CH1112956201, 28.07.2021, 10:39, 851.000000, 10.000000,
CH1112956201, 28.07.2021, 11:27, 849.000000, 3.000000,
CH1112956201, 28.07.2021, 14:01, 847.000000, 1.000000,
CH1112956201, 28.07.2021, 15:53, 880.000000, 10.000000,
CH1112956201, 28.07.2021, 16:24, 847.000000, 5.000000,
CH1112956201, 29.07.2021, 10:38, 880.000000, 5.000000,
CH1112956201, 28.07.2021, 10:39, 850.000000, 15.000000,
CH1112956201, 28.07.2021, 11:27, 847.000000, 12.000000,
CH1112956201, 21.01.2026, 10:37, 1317.000000, 1.000000,
CH1112956201, 30.07.2021, 13:02, 850.000000, 8.000000,
CH1112956201, 30.07.2021, 14:56, 880.000000, 7.000000,
CH1112956201, 02.08.2021, 08:30, 895.000000, 5.000000,
CH1112956201, 02.08.2021, 15:41, 895.000000, 5.000000,
CH1112956201, 02.08.2021, 16:46, 880.000000, 8.000000,
CH1112956201, 02.08.2021, 16:47, 880.000000, 10.000000,
CH1112956201, 02.08.2021, 15:41, 910.000000, 3.000000,
CH1112956201, 03.08.2021, 10:08, 880.000000, 4.000000,
CH1112956201, 21.01.2026, 15:33, 1317.000000, 15.000000,
CH1112956201, 21.01.2026, 16:34, 1302.000000, 15.000000,
CH1112956201, 22.01.2026, 08:41, 1302.000000, 55.000000,
CH1112956201, 22.01.2026, 08:41, 1302.000000, 55.000000,
CH1112956201, 22.01.2026, 08:41, 1301.000000, 2.000000,
CH1112956201, 22.01.2026, 08:41, 1298.000000, 3.000000,
CH1112956201, 22.01.2026, 10:53, 1313.000000, 1.000000,
CH1112956201, 03.08.2021, 11:55, 890.000000, 8.000000,
CH1112956201, 03.08.2021, 16:11, 910.000000, 2.000000,
CH1112956201, 05.08.2021, 08:30, 910.000000, 1.000000,
CH1112956201, 05.08.2021, 10:48, 910.000000, 4.000000,
CH1112956201, 05.08.2021, 10:48, 910.000000, 4.000000,
CH1112956201, 22.01.2026, 08:41, 1300.000000, 100.000000,
CH1112956201, 05.08.2021, 16:24, 910.000000, 15.000000,
CH1112956201, 09.08.2021, 09:44, 890.000000, 10.000000,
CH1112956201, 09.08.2021, 11:27, 910.000000, 11.000000,
CH1112956201, 10.08.2021, 08:30, 915.000000, 7.000000,
CH1112956201, 10.08.2021, 09:39, 900.000000, 10.000000,
CH1112956201, 09.08.2021, 11:27, 915.000000, 4.000000,
CH1112956201, 10.08.2021, 14:35, 915.000000, 9.000000,
CH1112956201, 10.08.2021, 14:46, 919.500000, 25.000000,
CH1112956201, 22.01.2026, 13:18, 1313.000000, 15.000000,
CH1112956201, 22.01.2026, 15:28, 1313.000000, 38.000000,
CH1112956201, 10.08.2021, 14:35, 919.500000, 16.000000,
CH1112956201, 11.08.2021, 09:58, 919.500000, 20.000000,
CH1112956201, 11.08.2021, 14:16, 900.000000, 5.000000,
CH1112956201, 11.08.2021, 14:39, 915.000000, 3.000000,
CH1112956201, 13.08.2021, 11:47, 890.000000, 5.000000,
CH1112956201, 13.08.2021, 14:08, 879.000000, 25.000000,
CH1112956201, 13.08.2021, 16:55, 880.000000, 15.000000,
CH1112956201, 11.08.2021, 14:16, 900.000000, 15.000000,
CH1112956201, 13.08.2021, 11:47, 879.000000, 7.000000,
CH1112956201, 13.08.2021, 16:55, 879.000000, 15.000000,
CH1112956201, 11.08.2021, 14:16, 900.000000, 10.000000,
CH1112956201, 16.08.2021, 14:43, 879.000000, 15.000000,
CH1112956201, 16.08.2021, 14:58, 910.000000, 15.000000,
CH1112956201, 18.08.2021, 12:58, 910.000000, 50.000000,
CH1112956201, 18.08.2021, 15:31, 894.000000, 15.000000,
CH1112956201, 16.08.2021, 14:58, 910.000000, 20.000000,
CH1112956201, 18.08.2021, 12:58, 914.000000, 33.000000,
CH1112956201, 23.01.2026, 16:25, 1313.000000, 10.000000,
CH1112956201, 18.08.2021, 12:58, 915.000000, 7.000000,
CH1112956201, 26.01.2026, 13:57, 1313.000000, 36.000000,
CH1112956201, 26.01.2026, 14:01, 1315.000000, 25.000000,
CH1112956201, 26.01.2026, 14:12, 1315.000000, 30.000000,
CH1112956201, 26.01.2026, 15:30, 1315.000000, 3.000000,
CH1112956201, 26.01.2026, 15:56, 1310.000000, 2.000000,
CH1112956201, 26.01.2026, 16:53, 1315.000000, 10.000000,
CH1112956201, 27.01.2026, 10:51, 1310.000000, 20.000000,
CH1112956201, 27.01.2026, 10:54, 1315.000000, 5.000000,
CH1112956201, 27.01.2026, 11:07, 1300.000000, 10.000000,
CH1112956201, 27.01.2026, 11:11, 1315.000000, 11.000000,
CH1112956201, 20.08.2021, 15:18, 894.000000, 10.000000,
CH1112956201, 23.08.2021, 08:30, 894.000000, 2.000000,
CH1112956201, 20.08.2021, 13:38, 912.500000, 1.000000,
CH1112956201, 23.08.2021, 08:30, 894.000000, 8.000000,
CH1112956201, 26.01.2026, 13:57, 1313.000000, 3.000000,
CH1112956201, 26.01.2026, 13:57, 1315.000000, 6.000000,
CH1112956201, 26.01.2026, 15:30, 1315.000000, 10.000000,
CH1112956201, 26.01.2026, 15:56, 1300.000000, 4.000000,
CH1112956201, 27.01.2026, 11:11, 1315.000000, 4.000000,
CH1112956201, 24.08.2021, 11:13, 912.500000, 10.000000,
CH1112956201, 24.08.2021, 13:43, 912.500000, 1.000000,
CH1112956201, 25.08.2021, 08:40, 912.500000, 15.000000,
CH1112956201, 25.08.2021, 14:15, 912.500000, 55.000000,
CH1112956201, 25.08.2021, 15:37, 912.500000, 30.000000,
CH1112956201, 26.08.2021, 08:30, 915.000000, 2.000000,
CH1112956201, 26.08.2021, 13:52, 915.000000, 2.000000,
CH1112956201, 24.08.2021, 14:50, 912.500000, 5.000000,
CH1112956201, 31.08.2021, 08:31, 915.000000, 10.000000,
CH1112956201, 31.08.2021, 09:44, 912.500000, 4.000000,
CH1112956201, 31.08.2021, 10:58, 912.500000, 1.000000,
CH1112956201, 31.08.2021, 12:01, 912.500000, 15.000000,
CH1112956201, 27.01.2026, 11:36, 1315.000000, 5.000000,
CH1112956201, 27.01.2026, 12:09, 1315.000000, 5.000000,
CH1112956201, 27.01.2026, 16:43, 1315.000000, 10.000000,
CH1112956201, 28.01.2026, 11:55, 1315.000000, 15.000000,
CH1112956201, 28.01.2026, 13:46, 1315.000000, 5.000000,
CH1112956201, 28.01.2026, 13:46, 1317.000000, 80.000000,
CH1112956201, 01.09.2021, 12:22, 911.500000, 75.000000,
CH1112956201, 27.01.2026, 12:09, 1317.000000, 10.000000,
CH1112956201, 28.01.2026, 13:46, 1317.000000, 10.000000,
CH1112956201, 03.09.2021, 09:56, 911.500000, 24.000000,
CH1112956201, 03.09.2021, 10:01, 913.000000, 15.000000,
CH1112956201, 06.09.2021, 10:17, 911.500000, 1.000000,
CH1112956201, 06.09.2021, 10:17, 910.000000, 10.000000,
CH1112956201, 06.09.2021, 10:26, 912.000000, 20.000000,
CH1112956201, 07.09.2021, 10:32, 911.000000, 5.000000,
CH1112956201, 06.09.2021, 10:17, 909.500000, 9.000000,
CH1112956201, 08.09.2021, 11:10, 911.000000, 15.000000,
CH1112956201, 08.09.2021, 13:56, 910.000000, 5.000000,
CH1112956201, 09.09.2021, 15:04, 910.000000, 5.000000,
CH1112956201, 09.09.2021, 15:04, 909.500000, 25.000000,
CH1112956201, 10.09.2021, 09:10, 915.000000, 11.000000,
CH1112956201, 10.09.2021, 09:10, 919.500000, 4.000000,
CH1112956201, 29.01.2026, 08:31, 1319.000000, 1.000000,
CH1112956201, 10.09.2021, 14:47, 909.500000, 10.000000,
CH1112956201, 13.09.2021, 08:57, 909.500000, 1.000000,
CH1112956201, 13.09.2021, 11:16, 909.500000, 15.000000,
CH1112956201, 14.09.2021, 11:43, 909.500000, 20.000000,
CH1112956201, 13.09.2021, 10:47, 909.500000, 20.000000,
CH1112956201, 16.09.2021, 09:07, 915.000000, 15.000000,
CH1112956201, 17.09.2021, 13:45, 919.500000, 10.000000,
CH1112956201, 17.09.2021, 13:45, 922.500000, 5.000000,
CH1112956201, 29.01.2026, 14:50, 1319.000000, 15.000000,
CH1112956201, 30.01.2026, 11:09, 1319.000000, 10.000000,
CH1112956201, 30.01.2026, 15:13, 1317.000000, 20.000000,
CH1112956201, 30.01.2026, 16:52, 1319.000000, 1.000000,
CH1112956201, 30.01.2026, 15:13, 1305.000000, 2.000000,
CH1112956201, 30.01.2026, 15:13, 1304.000000, 58.000000,
CH1112956201, 03.02.2026, 09:23, 1319.000000, 1.000000,
CH1112956201, 03.02.2026, 11:01, 1304.000000, 2.000000,
CH1112956201, 20.09.2021, 11:19, 915.000000, 3.000000,
CH1112956201, 20.09.2021, 14:44, 915.000000, 7.000000,
CH1112956201, 20.09.2021, 14:44, 915.000000, 8.000000,
CH1112956201, 22.09.2021, 15:06, 915.000000, 3.000000,
CH1112956201, 23.09.2021, 09:48, 920.000000, 20.000000,
CH1112956201, 03.02.2026, 09:23, 1319.000000, 14.000000,
CH1112956201, 23.09.2021, 10:35, 920.000000, 1.000000,
CH1112956201, 23.09.2021, 11:17, 915.000000, 9.000000,
CH1112956201, 23.09.2021, 13:26, 907.500000, 15.000000,
CH1112956201, 23.09.2021, 14:11, 907.500000, 15.000000,
CH1112956201, 23.09.2021, 16:41, 907.500000, 24.000000,
CH1112956201, 24.09.2021, 14:04, 907.500000, 5.000000,
CH1112956201, 27.09.2021, 14:42, 905.500000, 25.000000,
CH1112956201, 23.09.2021, 11:17, 909.000000, 10.000000,
CH1112956201, 23.09.2021, 16:41, 899.000000, 6.000000,
CH1112956201, 24.09.2021, 14:04, 905.500000, 45.000000,
CH1112956201, 23.09.2021, 11:17, 907.500000, 46.000000,
CH1112956201, 29.09.2021, 10:19, 905.500000, 30.000000,
CH1112956201, 29.09.2021, 10:19, 903.500000, 5.000000,
CH1112956201, 29.09.2021, 14:46, 918.500000, 3.000000,
CH1112956201, 30.09.2021, 09:53, 903.500000, 15.000000,
CH1112956201, 04.02.2026, 15:40, 1310.000000, 4.000000,
CH1112956201, 04.02.2026, 15:40, 1319.000000, 21.000000,
CH1112956201, 05.02.2026, 11:06, 1304.000000, 40.000000,
CH1112956201, 05.02.2026, 11:41, 1319.000000, 15.000000,
CH1112956201, 05.02.2026, 12:13, 1304.000000, 4.000000,
CH1112956201, 05.02.2026, 12:13, 1304.000000, 12.000000,
CH1112956201, 05.02.2026, 13:34, 1319.000000, 8.000000,
CH1112956201, 05.02.2026, 16:19, 1319.000000, 10.000000,
CH1112956201, 05.10.2021, 09:30, 903.500000, 15.000000,
CH1112956201, 06.10.2021, 08:50, 903.500000, 23.000000,
CH1112956201, 07.10.2021, 14:33, 917.000000, 25.000000,
CH1112956201, 07.10.2021, 14:52, 903.500000, 42.000000,
CH1112956201, 07.10.2021, 14:33, 918.000000, 5.000000,
CH1112956201, 07.10.2021, 14:52, 903.500000, 23.000000,
CH1112956201, 05.02.2026, 11:06, 1304.000000, 60.000000,
CH1112956201, 05.02.2026, 13:34, 1319.000000, 7.000000,
CH1112956201, 07.10.2021, 14:33, 918.500000, 20.000000,
CH1112956201, 07.10.2021, 14:52, 901.500000, 35.000000,
CH1112956201, 06.02.2026, 09:42, 1315.000000, 5.000000,
CH1112956201, 06.02.2026, 15:40, 1315.000000, 10.000000,
CH1112956201, 06.02.2026, 15:40, 1304.000000, 2.000000,
CH1112956201, 06.02.2026, 15:40, 1304.000000, 25.000000,
CH1112956201, 13.10.2021, 15:30, 916.500000, 15.000000,
CH1112956201, 14.10.2021, 09:19, 916.500000, 10.000000,
CH1112956201, 14.10.2021, 10:10, 916.500000, 15.000000,
CH1112956201, 14.10.2021, 14:44, 915.000000, 5.000000,
CH1112956201, 15.10.2021, 14:54, 916.500000, 30.000000,
CH1112956201, 06.02.2026, 15:40, 1302.000000, 78.000000,
CH1112956201, 06.02.2026, 16:48, 1317.000000, 1.000000,
CH1112956201, 09.02.2026, 08:30, 1317.000000, 15.000000,
CH1112956201, 09.02.2026, 14:13, 1317.000000, 25.000000,
CH1112956201, 15.10.2021, 16:15, 915.000000, 10.000000,
CH1112956201, 18.10.2021, 09:09, 915.000000, 15.000000,
CH1112956201, 18.10.2021, 15:10, 902.000000, 10.000000,
CH1112956201, 19.10.2021, 10:34, 901.500000, 10.000000,
CH1112956201, 19.10.2021, 10:35, 916.000000, 3.000000,
CH1112956201, 19.10.2021, 14:02, 916.000000, 12.000000,
CH1112956201, 19.10.2021, 14:57, 916.500000, 15.000000,
CH1112956201, 18.10.2021, 09:09, 902.000000, 5.000000,
CH1112956201, 18.10.2021, 15:10, 901.500000, 5.000000,
CH1112956201, 19.10.2021, 14:02, 916.500000, 4.000000,
CH1112956201, 09.02.2026, 08:30, 1317.000000, 15.000000,
CH1112956201, 21.10.2021, 08:51, 916.500000, 16.000000,
CH1112956201, 21.10.2021, 10:47, 902.000000, 15.000000,
CH1112956201, 21.10.2021, 11:24, 916.500000, 15.000000,
CH1112956201, 21.10.2021, 13:20, 916.500000, 15.000000,
CH1112956201, 21.10.2021, 14:38, 916.500000, 9.000000,
CH1112956201, 21.10.2021, 15:41, 916.500000, 3.000000,
CH1112956201, 10.02.2026, 08:30, 1317.000000, 15.000000,
CH1112956201, 10.02.2026, 09:37, 1317.000000, 29.000000,
CH1112956201, 10.02.2026, 10:09, 1302.000000, 22.000000,
CH1112956201, 10.02.2026, 16:20, 1302.000000, 15.000000,
CH1112956201, 25.10.2021, 16:55, 916.000000, 15.000000,
CH1112956201, 25.10.2021, 16:55, 916.500000, 32.000000,
CH1112956201, 25.10.2021, 16:57, 902.000000, 5.000000,
CH1112956201, 25.10.2021, 16:57, 900.000000, 5.000000,
CH1112956201, 25.10.2021, 16:58, 916.500000, 25.000000,
CH1112956201, 26.10.2021, 09:09, 914.500000, 15.000000,
CH1112956201, 26.10.2021, 16:35, 914.500000, 15.000000,
CH1112956201, 27.10.2021, 10:22, 905.000000, 20.000000,
CH1112956201, 25.10.2021, 16:55, 916.500000, 3.000000,
CH1112956201, 25.10.2021, 16:57, 901.500000, 100.000000,
CH1112956201, 25.10.2021, 16:57, 899.500000, 68.000000,
CH1112956201, 27.10.2021, 10:22, 900.000000, 15.000000,
CH1112956201, 10.02.2026, 09:37, 1317.000000, 1.000000,
CH1112956201, 10.02.2026, 10:09, 1302.000000, 13.000000,
CH1112956201, 25.10.2021, 16:57, 901.500000, 172.000000,
CH1112956201, 27.10.2021, 10:22, 899.500000, 32.000000,
CH1112956201, 28.10.2021, 10:49, 900.000000, 5.000000,
CH1112956201, 27.10.2021, 10:22, 897.500000, 63.000000,
CH1112956201, 11.02.2026, 14:10, 1305.000000, 10.000000,
CH1112956201, 11.02.2026, 16:17, 1317.000000, 15.000000,
CH1112956201, 11.02.2026, 16:55, 1317.000000, 15.000000,
CH1112956201, 12.02.2026, 09:37, 1317.000000, 9.000000,
CH1112956201, 03.11.2021, 10:59, 900.000000, 10.000000,
CH1112956201, 03.11.2021, 10:59, 897.500000, 37.000000,
CH1112956201, 03.11.2021, 10:59, 895.500000, 100.000000,
CH1112956201, 03.11.2021, 10:59, 893.500000, 28.000000,
CH1112956201, 03.11.2021, 11:49, 893.500000, 10.000000,
CH1112956201, 04.11.2021, 11:40, 895.000000, 10.000000,
CH1112956201, 05.11.2021, 13:36, 898.000000, 8.000000,
CH1112956201, 08.11.2021, 11:12, 908.000000, 6.000000,
CH1112956201, 12.02.2026, 09:37, 1317.000000, 11.000000,
CH1112956201, 13.02.2026, 08:38, 1302.000000, 6.000000,
CH1112956201, 13.02.2026, 10:40, 1317.000000, 20.000000,
CH1112956201, 08.11.2021, 14:26, 908.000000, 14.000000,
CH1112956201, 08.11.2021, 16:27, 908.500000, 15.000000,
CH1112956201, 09.11.2021, 08:32, 908.500000, 2.000000,
CH1112956201, 09.11.2021, 15:13, 908.000000, 2.000000,
CH1112956201, 08.11.2021, 14:26, 908.500000, 16.000000,
CH1112956201, 09.11.2021, 15:13, 898.000000, 7.000000,
CH1112956201, 09.11.2021, 15:13, 895.000000, 4.000000,
CH1112956201, 11.11.2021, 08:31, 893.500000, 50.000000,
CH1112956201, 09.11.2021, 15:13, 893.500000, 2.000000,
CH1112956201, 16.02.2026, 08:31, 1318.000000, 10.000000,
CH1112956201, 16.02.2026, 09:13, 1318.000000, 30.000000,
CH1112956201, 15.11.2021, 08:30, 893.500000, 1.000000,
CH1112956201, 15.11.2021, 10:24, 900.000000, 15.000000,
CH1112956201, 16.11.2021, 14:42, 893.500000, 6.000000,
CH1112956201, 17.11.2021, 11:00, 894.000000, 15.000000,
CH1112956201, 17.11.2021, 12:08, 900.000000, 15.000000,
CH1112956201, 17.11.2021, 13:31, 900.000000, 15.000000,
CH1112956201, 17.11.2021, 14:45, 900.000000, 15.000000,
CH1112956201, 18.11.2021, 11:21, 900.000000, 30.000000,
CH1112956201, 19.11.2021, 08:33, 900.000000, 6.000000,
CH1112956201, 19.11.2021, 08:36, 900.000000, 9.000000,
CH1112956201, 19.11.2021, 09:35, 900.000000, 15.000000,
CH1112956201, 19.11.2021, 16:10, 900.000000, 6.000000,
CH1112956201, 22.11.2021, 09:56, 900.000000, 9.000000,
CH1112956201, 22.11.2021, 10:06, 908.500000, 15.000000,
CH1112956201, 22.11.2021, 09:56, 893.500000, 11.000000,
CH1112956201, 16.02.2026, 14:42, 1318.000000, 15.000000,
CH1112956201, 17.02.2026, 08:37, 1318.000000, 1.000000,
CH1112956201, 17.02.2026, 08:37, 1314.000000, 25.000000,
CH1112956201, 18.02.2026, 09:18, 1312.000000, 1.000000,
CH1112956201, 23.11.2021, 09:17, 908.500000, 10.000000,
CH1112956201, 23.11.2021, 15:47, 900.000000, 2.000000,
CH1112956201, 24.11.2021, 14:55, 908.500000, 15.000000,
CH1112956201, 24.11.2021, 16:00, 900.000000, 13.000000,
CH1112956201, 24.11.2021, 16:00, 893.500000, 2.000000,
CH1112956201, 25.11.2021, 11:19, 908.500000, 30.000000,
CH1112956201, 25.11.2021, 15:09, 908.500000, 5.000000,
CH1112956201, 25.11.2021, 15:57, 900.000000, 10.000000,
CH1112956201, 17.02.2026, 08:37, 1312.000000, 4.000000,
CH1112956201, 26.11.2021, 11:23, 900.000000, 20.000000,
CH1112956201, 29.11.2021, 08:52, 900.000000, 15.000000,
CH1112956201, 29.11.2021, 11:54, 893.500000, 5.000000,
CH1112956201, 29.11.2021, 13:11, 893.500000, 5.000000,
CH1112956201, 18.02.2026, 10:04, 1312.000000, 1.000000,
CH1112956201, 19.02.2026, 08:31, 1312.000000, 20.000000,
CH1112956201, 29.11.2021, 15:46, 900.000000, 15.000000,
CH1112956201, 29.11.2021, 15:51, 900.000000, 6.000000,
CH1112956201, 30.11.2021, 15:52, 908.500000, 55.000000,
CH1112956201, 01.12.2021, 09:36, 900.000000, 9.000000,
CH1112956201, 01.12.2021, 10:01, 900.000000, 4.000000,
CH1112956201, 01.12.2021, 10:45, 900.000000, 20.000000,
CH1112956201, 01.12.2021, 09:36, 900.000000, 11.000000,
CH1112956201, 19.02.2026, 12:57, 1350.000000, 10.000000,
CH1112956201, 19.02.2026, 12:57, 1360.000000, 5.000000,
CH1112956201, 19.02.2026, 16:51, 1360.000000, 5.000000,
CH1112956201, 19.02.2026, 16:51, 1370.000000, 10.000000,
CH1112956201, 20.02.2026, 08:30, 1313.000000, 1.000000,
CH1112956201, 20.02.2026, 08:58, 1388.000000, 15.000000,
CH1112956201, 03.12.2021, 11:31, 893.500000, 25.000000,
CH1112956201, 06.12.2021, 08:32, 900.000000, 30.000000,
CH1112956201, 06.12.2021, 09:37, 900.000000, 15.000000,
CH1112956201, 06.12.2021, 10:53, 895.000000, 15.000000,
CH1112956201, 19.02.2026, 16:51, 1390.000000, 15.000000,
CH1112956201, 06.12.2021, 15:40, 900.000000, 5.000000,
CH1112956201, 06.12.2021, 15:51, 900.000000, 5.000000,
CH1112956201, 06.12.2021, 16:32, 895.000000, 2.000000,
CH1112956201, 08.12.2021, 08:43, 893.500000, 10.000000,
CH1112956201, 08.12.2021, 11:15, 893.500000, 5.000000,
CH1112956201, 08.12.2021, 15:20, 900.000000, 15.000000,
CH1112956201, 06.12.2021, 16:32, 893.500000, 13.000000,
CH1112956201, 20.02.2026, 12:58, 1315.000000, 15.000000,
CH1112956201, 20.02.2026, 12:58, 1313.000000, 9.000000,
CH1112956201, 20.02.2026, 14:13, 1313.000000, 15.000000,
CH1112956201, 20.02.2026, 16:26, 1350.000000, 1.000000,
CH1112956201, 23.02.2026, 09:04, 1350.000000, 4.000000,
CH1112956201, 09.12.2021, 11:03, 900.000000, 15.000000,
CH1112956201, 20.02.2026, 12:58, 1313.000000, 6.000000,
CH1112956201, 13.12.2021, 11:42, 905.000000, 15.000000,
CH1112956201, 13.12.2021, 14:19, 905.000000, 15.000000,
CH1112956201, 13.12.2021, 16:30, 905.000000, 5.000000,
CH1112956201, 14.12.2021, 11:01, 910.000000, 16.000000,
CH1112956201, 13.12.2021, 16:30, 900.000000, 5.000000,
CH1112956201, 24.02.2026, 08:30, 1349.000000, 10.000000,
CH1112956201, 24.02.2026, 08:37, 1350.000000, 8.000000,
CH1112956201, 15.12.2021, 13:18, 910.000000, 15.000000,
CH1112956201, 15.12.2021, 14:22, 910.000000, 15.000000,
CH1112956201, 15.12.2021, 14:36, 900.000000, 40.000000,
CH1112956201, 16.12.2021, 14:18, 910.000000, 4.000000,
CH1112956201, 16.12.2021, 15:09, 910.000000, 15.000000,
CH1112956201, 16.12.2021, 16:38, 900.000000, 5.000000,
CH1112956201, 15.12.2021, 14:36, 900.000000, 15.000000,
CH1112956201, 16.12.2021, 14:18, 910.000000, 46.000000,
CH1112956201, 16.12.2021, 16:38, 910.000000, 6.000000,
CH1112956201, 24.02.2026, 08:30, 1350.000000, 5.000000,
CH1112956201, 17.12.2021, 16:25, 895.500000, 15.000000,
CH1112956201, 20.12.2021, 13:18, 910.000000, 10.000000,
CH1112956201, 20.12.2021, 15:25, 910.000000, 10.000000,
CH1112956201, 20.12.2021, 15:39, 910.000000, 13.000000,
CH1112956201, 21.12.2021, 08:30, 910.500000, 22.000000,
CH1112956201, 21.12.2021, 09:04, 895.500000, 5.000000,
CH1112956201, 21.12.2021, 09:18, 910.500000, 16.000000,
CH1112956201, 20.12.2021, 15:39, 910.500000, 37.000000,
CH1112956201, 24.02.2026, 14:40, 1350.000000, 20.000000,
CH1112956201, 24.02.2026, 16:42, 1350.000000, 20.000000,
CH1112956201, 21.12.2021, 11:00, 910.500000, 2.000000,
CH1112956201, 21.12.2021, 14:02, 910.500000, 15.000000,
CH1112956201, 21.12.2021, 14:31, 895.500000, 5.000000,
CH1112956201, 22.12.2021, 14:36, 910.500000, 20.000000,
CH1112956201, 22.12.2021, 15:00, 910.500000, 15.000000,
CH1112956201, 22.12.2021, 15:45, 910.500000, 8.000000,
CH1112956201, 23.12.2021, 08:31, 912.500000, 15.000000,
CH1112956201, 23.12.2021, 09:53, 912.500000, 15.000000,
CH1112956201, 22.12.2021, 15:45, 912.500000, 22.000000,
CH1112956201, 28.12.2021, 13:22, 912.500000, 15.000000,
CH1112956201, 28.12.2021, 14:00, 912.500000, 4.000000,
CH1112956201, 29.12.2021, 16:26, 900.000000, 10.000000,
CH1112956201, 29.12.2021, 16:26, 897.500000, 10.000000,
CH1112956201, 03.01.2022, 08:32, 897.500000, 1.000000,
CH1112956201, 03.01.2022, 09:05, 912.500000, 15.000000,
CH1112956201, 04.01.2022, 09:12, 912.500000, 4.000000,
CH1112956201, 04.01.2022, 11:06, 899.500000, 15.000000,
CH1112956201, 03.01.2022, 09:05, 912.500000, 35.000000,
CH1112956201, 04.01.2022, 09:12, 914.500000, 1.000000,
CH1112956201, 06.01.2022, 08:30, 914.500000, 5.000000,
CH1112956201, 06.01.2022, 11:09, 914.500000, 8.000000,
CH1112956201, 07.01.2022, 08:32, 914.500000, 5.000000,
CH1112956201, 10.01.2022, 08:31, 914.000000, 12.000000,
CH1112956201, 10.01.2022, 10:11, 899.500000, 50.000000,
CH1112956201, 10.01.2022, 08:31, 914.500000, 8.000000,
CH1112956201, 26.02.2026, 09:00, 1350.000000, 20.000000,
CH1112956201, 10.01.2022, 15:37, 914.500000, 15.000000,
CH1112956201, 11.01.2022, 09:24, 899.500000, 25.000000,
CH1112956201, 11.01.2022, 16:09, 914.500000, 22.000000,
CH1112956201, 11.01.2022, 11:07, 914.500000, 10.000000,
CH1112956201, 26.02.2026, 16:48, 1350.000000, 15.000000,
CH1112956201, 27.02.2026, 11:43, 1350.000000, 7.000000,
CH1112956201, 27.02.2026, 11:43, 1350.000000, 11.000000,
CH1112956201, 27.02.2026, 11:43, 1331.000000, 25.000000,
CH1112956201, 27.02.2026, 11:43, 1330.000000, 5.000000,
CH1112956201, 27.02.2026, 13:35, 1350.000000, 1.000000,
CH1112956201, 12.01.2022, 08:57, 899.500000, 10.000000,
CH1112956201, 12.01.2022, 11:56, 914.500000, 50.000000,
CH1112956201, 12.01.2022, 15:53, 899.500000, 1.000000,
CH1112956201, 13.01.2022, 08:55, 914.500000, 15.000000,
CH1112956201, 12.01.2022, 14:09, 899.500000, 70.000000,
CH1112956201, 12.01.2022, 15:30, 899.500000, 4.000000,
CH1112956201, 12.01.2022, 15:30, 899.500000, 1.000000,
CH1112956201, 17.01.2022, 11:20, 914.500000, 15.000000,
CH1112956201, 18.01.2022, 14:17, 900.000000, 15.000000,
CH1112956201, 19.01.2022, 11:34, 914.500000, 10.000000,
CH1112956201, 19.01.2022, 11:48, 914.500000, 15.000000,
CH1112956201, 18.01.2022, 14:17, 899.500000, 15.000000,
CH1112956201, 19.01.2022, 08:31, 914.500000, 15.000000,
CH1112956201, 19.01.2022, 13:54, 914.500000, 50.000000,
CH1112956201, 02.03.2026, 09:11, 1369.000000, 10.000000,
CH1112956201, 02.03.2026, 10:39, 1350.000000, 10.000000,
CH1112956201, 19.01.2022, 16:24, 914.500000, 5.000000,
CH1112956201, 20.01.2022, 08:30, 914.500000, 5.000000,
CH1112956201, 20.01.2022, 08:30, 914.500000, 10.000000,
CH1112956201, 20.01.2022, 10:59, 914.500000, 15.000000,
CH1112956201, 20.01.2022, 16:48, 914.000000, 3.000000,
CH1112956201, 21.01.2022, 08:37, 916.500000, 15.000000,
CH1112956201, 21.01.2022, 15:19, 916.500000, 5.000000,
CH1112956201, 24.01.2022, 08:30, 916.500000, 1.000000,
CH1112956201, 20.01.2022, 16:48, 914.500000, 12.000000,
CH1112956201, 24.01.2022, 08:30, 916.500000, 4.000000,
CH1112956201, 02.03.2026, 09:11, 1370.000000, 5.000000,
CH1112956201, 24.01.2022, 13:06, 915.000000, 1.000000,
CH1112956201, 25.01.2022, 11:29, 910.000000, 15.000000,
CH1112956201, 25.01.2022, 15:07, 910.000000, 4.000000,
CH1112956201, 03.03.2026, 10:55, 1369.000000, 10.000000,
CH1112956201, 03.03.2026, 10:55, 1370.000000, 5.000000,
CH1112956201, 25.01.2022, 15:07, 916.500000, 6.000000,
CH1112956201, 26.01.2022, 08:34, 916.500000, 15.000000,
CH1112956201, 26.01.2022, 10:02, 901.500000, 100.000000,
CH1112956201, 26.01.2022, 11:01, 900.000000, 5.000000,
CH1112956201, 28.01.2022, 08:30, 914.500000, 11.000000,
CH1112956201, 26.01.2022, 10:02, 901.500000, 45.000000,
CH1112956201, 04.03.2026, 10:45, 1370.000000, 10.000000,
CH1112956201, 04.03.2026, 10:45, 1391.000000, 5.000000,
CH1112956201, 04.03.2026, 14:59, 1350.000000, 6.000000,
CH1112956201, 28.01.2022, 15:43, 914.500000, 5.000000,
CH1112956201, 31.01.2022, 08:30, 914.500000, 1.000000,
CH1112956201, 31.01.2022, 13:56, 901.500000, 15.000000,
CH1112956201, 04.03.2026, 10:45, 1390.000000, 10.000000,
CH1112956201, 01.02.2022, 11:15, 900.000000, 8.000000,
CH1112956201, 01.02.2022, 11:55, 914.500000, 15.000000,
CH1112956201, 01.02.2022, 12:08, 914.500000, 15.000000,
CH1112956201, 01.02.2022, 15:00, 914.500000, 15.000000,
CH1112956201, 01.02.2022, 16:34, 914.500000, 3.000000,
CH1112956201, 02.02.2022, 10:41, 914.500000, 4.000000,
CH1112956201, 05.03.2026, 14:50, 1385.000000, 10.000000,
CH1112956201, 02.02.2022, 15:05, 914.500000, 10.000000,
CH1112956201, 02.02.2022, 16:38, 914.500000, 15.000000,
CH1112956201, 03.02.2022, 09:49, 914.500000, 6.000000,
CH1112956201, 03.02.2022, 11:02, 916.500000, 24.000000,
CH1112956201, 03.02.2022, 14:06, 916.500000, 15.000000,
CH1112956201, 03.02.2022, 15:07, 916.500000, 40.000000,
CH1112956201, 03.02.2022, 15:29, 916.500000, 20.000000,
CH1112956201, 04.02.2022, 10:23, 916.500000, 1.000000,
CH1112956201, 04.02.2022, 10:23, 918.500000, 49.000000,
CH1112956201, 05.03.2026, 14:50, 1391.000000, 5.000000,
CH1112956201, 06.03.2026, 10:50, 1355.000000, 15.000000,
CH1112956201, 06.03.2026, 10:50, 1350.000000, 7.000000,
CH1112956201, 06.03.2026, 10:50, 1350.000000, 5.000000,
CH1112956201, 07.02.2022, 16:27, 918.500000, 20.000000,
CH1112956201, 08.02.2022, 08:31, 918.500000, 15.000000,
CH1112956201, 09.03.2026, 13:25, 1385.000000, 1.000000,
CH1112956201, 08.02.2022, 16:44, 905.000000, 15.000000,
CH1112956201, 09.02.2022, 08:30, 918.500000, 20.000000,
CH1112956201, 09.02.2022, 15:01, 918.500000, 15.000000,
CH1112956201, 10.02.2022, 09:19, 903.500000, 20.000000,
CH1112956201, 10.02.2022, 11:16, 918.500000, 15.000000,
CH1112956201, 11.02.2022, 11:39, 918.500000, 10.000000,
CH1112956201, 08.02.2022, 16:44, 903.500000, 90.000000,
CH1112956201, 10.03.2026, 13:51, 1385.000000, 2.000000,
CH1112956201, 11.03.2026, 11:37, 1390.000000, 20.000000,
CH1112956201, 14.02.2022, 13:25, 914.000000, 25.000000,
CH1112956201, 14.02.2022, 13:25, 918.000000, 5.000000,
CH1112956201, 14.02.2022, 14:35, 903.500000, 15.000000,
CH1112956201, 15.02.2022, 08:30, 918.500000, 15.000000,
CH1112956201, 15.02.2022, 13:45, 918.000000, 11.000000,
CH1112956201, 16.02.2022, 10:56, 918.000000, 15.000000,
CH1112956201, 11.03.2026, 11:37, 1391.000000, 5.000000,
CH1112956201, 17.02.2022, 16:32, 918.000000, 15.000000,
CH1112956201, 18.02.2022, 08:30, 918.000000, 9.000000,
CH1112956201, 18.02.2022, 10:40, 918.500000, 20.000000,
CH1112956201, 18.02.2022, 10:45, 903.500000, 15.000000,
CH1112956201, 18.02.2022, 13:14, 918.500000, 5.000000,
CH1112956201, 18.02.2022, 08:30, 918.500000, 16.000000,
CH1112956201, 21.02.2022, 08:31, 918.500000, 1.000000,
CH1112956201, 21.02.2022, 11:23, 903.500000, 15.000000,
CH1112956201, 22.02.2022, 08:30, 918.500000, 15.000000,
CH1112956201, 22.02.2022, 15:35, 918.500000, 4.000000,
CH1112956201, 23.02.2022, 10:13, 918.500000, 15.000000,
CH1112956201, 23.02.2022, 11:56, 918.500000, 15.000000,
CH1112956201, 13.03.2026, 14:28, 1380.000000, 2.000000,
CH1112956201, 16.03.2026, 08:30, 1391.000000, 5.000000,
CH1112956201, 16.03.2026, 09:34, 1350.000000, 2.000000,
CH1112956201, 23.02.2022, 16:59, 918.500000, 5.000000,
CH1112956201, 24.02.2022, 09:28, 920.500000, 15.000000,
CH1112956201, 24.02.2022, 13:41, 910.000000, 15.000000,
CH1112956201, 25.02.2022, 13:17, 920.500000, 30.000000,
CH1112956201, 23.02.2022, 16:59, 920.500000, 10.000000,
CH1112956201, 17.03.2026, 11:23, 1385.000000, 10.000000,
CH1112956201, 17.03.2026, 11:23, 1395.000000, 8.000000,
CH1112956201, 18.03.2026, 11:05, 1399.000000, 10.000000,
CH1112956201, 02.03.2022, 14:41, 920.500000, 15.000000,
CH1112956201, 02.03.2022, 15:28, 920.500000, 15.000000,
CH1112956201, 18.03.2026, 14:39, 1350.000000, 8.000000,
CH1112956201, 18.03.2026, 16:07, 1380.000000, 18.000000,
CH1112956201, 04.03.2022, 10:11, 915.000000, 15.000000,
CH1112956201, 04.03.2022, 10:11, 910.000000, 20.000000,
CH1112956201, 04.03.2022, 10:50, 920.500000, 10.000000,
CH1112956201, 04.03.2022, 10:11, 909.000000, 15.000000,
CH1112956201, 18.03.2026, 14:39, 1345.000000, 32.000000,
CH1112956201, 07.03.2022, 14:50, 905.500000, 2.000000,
CH1112956201, 07.03.2022, 15:11, 920.500000, 5.000000,
CH1112956201, 07.03.2022, 15:11, 920.500000, 2.000000,
CH1112956201, 19.03.2026, 16:43, 1360.000000, 37.000000,
CH1112956201, 20.03.2026, 11:19, 1360.000000, 9.000000,
CH1112956201, 20.03.2026, 16:32, 1380.000000, 9.000000,
CH1112956201, 07.03.2022, 15:11, 922.500000, 8.000000,
CH1112956201, 09.03.2022, 16:34, 907.500000, 15.000000,
CH1112956201, 11.03.2022, 14:47, 922.500000, 15.000000,
CH1112956201, 14.03.2022, 11:39, 910.000000, 35.000000,
CH1112956201, 14.03.2022, 13:51, 910.000000, 10.000000,
CH1112956201, 23.03.2026, 08:52, 1380.000000, 6.000000,
CH1112956201, 23.03.2026, 10:40, 1399.000000, 5.000000,
CH1112956201, 23.03.2026, 11:45, 1399.000000, 6.000000,
CH1112956201, 15.03.2022, 16:28, 922.500000, 15.000000,
CH1112956201, 15.03.2022, 16:34, 922.500000, 20.000000,
CH1112956201, 16.03.2022, 10:13, 922.500000, 15.000000,
CH1112956201, 16.03.2022, 16:09, 922.500000, 1.000000,
CH1112956201, 17.03.2022, 14:56, 925.000000, 15.000000,
CH1112956201, 23.03.2026, 08:52, 1399.000000, 9.000000,
CH1112956201, 23.03.2026, 11:45, 1400.000000, 4.000000,
CH1112956201, 21.03.2022, 15:04, 930.000000, 15.000000,
CH1112956201, 22.03.2022, 10:40, 925.000000, 5.000000,
CH1112956201, 21.03.2022, 15:04, 925.000000, 5.000000,
CH1112956201, 23.03.2026, 15:51, 1400.000000, 5.000000,
CH1112956201, 23.03.2026, 16:00, 1370.000000, 15.000000,
CH1112956201, 23.03.2026, 16:15, 1395.000000, 10.000000,
CH1112956201, 24.03.2026, 08:30, 1360.000000, 4.000000,
CH1112956201, 24.03.2026, 08:30, 1350.000000, 3.000000,
CH1112956201, 24.03.2026, 16:47, 1350.000000, 7.000000,
CH1112956201, 23.03.2026, 16:15, 1400.000000, 2.000000,
CH1112956201, 24.03.2026, 16:47, 1349.000000, 15.000000,
CH1112956201, 23.03.2026, 16:15, 1400.000000, 8.000000,
CH1112956201, 23.03.2022, 09:27, 925.000000, 5.000000,
CH1112956201, 23.03.2022, 09:46, 925.000000, 15.000000,
CH1112956201, 23.03.2022, 13:41, 925.000000, 40.000000,
CH1112956201, 23.03.2022, 16:58, 930.000000, 10.000000,
CH1112956201, 25.03.2022, 11:08, 929.000000, 20.000000,
CH1112956201, 25.03.2022, 12:04, 930.000000, 12.000000,
CH1112956201, 25.03.2022, 09:18, 930.000000, 3.000000,
CH1112956201, 25.03.2026, 14:05, 1360.000000, 20.000000,
CH1112956201, 26.03.2026, 10:47, 1390.000000, 10.000000,
CH1112956201, 29.03.2022, 12:57, 940.000000, 15.000000,
CH1112956201, 29.03.2022, 14:15, 930.000000, 8.000000,
CH1112956201, 30.03.2022, 08:30, 930.000000, 8.000000,
CH1112956201, 30.03.2022, 10:50, 930.000000, 8.000000,
CH1112956201, 29.03.2022, 14:15, 930.000000, 15.000000,
CH1112956201, 30.03.2022, 08:30, 930.000000, 2.000000,
CH1112956201, 29.03.2022, 14:15, 930.000000, 10.000000,
CH1112956201, 29.03.2022, 14:15, 930.000000, 2.000000,
CH1112956201, 26.03.2026, 15:53, 1400.000000, 5.000000,
CH1112956201, 27.03.2026, 09:22, 1355.000000, 7.000000,
CH1112956201, 05.04.2022, 08:31, 930.000000, 5.000000,
CH1112956201, 05.04.2022, 10:57, 950.000000, 5.000000,
CH1112956201, 06.04.2022, 08:31, 949.000000, 3.000000,
CH1112956201, 06.04.2022, 10:47, 950.000000, 5.000000,
CH1112956201, 27.03.2026, 09:22, 1350.000000, 8.000000,
CH1112956201, 30.03.2026, 08:30, 1400.000000, 15.000000,
CH1112956201, 07.04.2022, 15:08, 950.000000, 10.000000,
CH1112956201, 08.04.2022, 11:51, 951.000000, 15.000000,
CH1112956201, 07.04.2022, 15:08, 950.000000, 15.000000,
CH1112956201, 08.04.2022, 08:31, 950.000000, 2.000000,
CH1112956201, 08.04.2022, 11:51, 951.000000, 15.000000,
CH1112956201, 30.03.2026, 10:23, 1355.000000, 10.000000,
CH1112956201, 30.03.2026, 11:04, 1350.000000, 5.000000,
CH1112956201, 30.03.2026, 13:57, 1395.000000, 10.000000,
CH1112956201, 30.03.2026, 14:44, 1355.000000, 10.000000,
CH1112956201, 30.03.2026, 14:44, 1400.000000, 2.000000,
CH1112956201, 30.03.2026, 15:44, 1400.000000, 10.000000,
CH1112956201, 08.04.2022, 11:51, 950.000000, 18.000000,
CH1112956201, 08.04.2022, 13:19, 949.000000, 15.000000,
CH1112956201, 11.04.2022, 16:55, 950.000000, 4.000000,
CH1112956201, 08.04.2022, 11:51, 949.000000, 22.000000,
CH1112956201, 30.03.2026, 10:23, 1350.000000, 5.000000,
CH1112956201, 30.03.2026, 13:57, 1400.000000, 5.000000,
CH1112956201, 30.03.2026, 14:44, 1400.000000, 1.000000,
CH1112956201, 01.04.2026, 11:32, 1350.000000, 12.000000,
CH1112956201, 01.04.2026, 11:32, 1350.000000, 3.000000,
CH1112956201, 01.04.2026, 13:48, 1375.000000, 10.000000,
CH1112956201, 19.04.2022, 10:37, 965.000000, 20.000000,
CH1112956201, 19.04.2022, 10:37, 965.000000, 3.000000,
CH1112956201, 20.04.2022, 09:37, 955.000000, 2.000000,
CH1112956201, 20.04.2022, 15:24, 960.000000, 2.000000,
CH1112956201, 02.04.2026, 12:18, 1395.000000, 10.000000,
CH1112956201, 02.04.2026, 15:16, 1469.000000, 10.000000,
CH1112956201, 21.04.2022, 16:16, 965.000000, 2.000000,
CH1112956201, 21.04.2022, 16:16, 980.000000, 13.000000,
CH1112956201, 22.04.2022, 16:02, 980.000000, 10.000000,
CH1112956201, 25.04.2022, 08:31, 960.000000, 2.000000,
CH1112956201, 25.04.2022, 15:27, 960.000000, 11.000000,
CH1112956201, 26.04.2022, 16:04, 960.000000, 2.000000,
CH1112956201, 25.04.2022, 15:27, 955.000000, 18.000000,
CH1112956201, 26.04.2022, 16:04, 951.000000, 9.000000,
CH1112956201, 07.04.2026, 10:32, 1448.000000, 17.000000,
CH1112956201, 07.04.2026, 13:49, 1359.000000, 1.000000,
CH1112956201, 07.04.2026, 16:33, 1447.000000, 10.000000,
CH1112956201, 08.04.2026, 08:30, 1365.000000, 15.000000,
CH1112956201, 08.04.2026, 08:30, 1364.000000, 8.000000,
CH1112956201, 25.04.2022, 15:27, 955.000000, 15.000000,
CH1112956201, 26.04.2022, 16:04, 950.000000, 4.000000,
CH1112956201, 08.04.2026, 08:30, 1365.000000, 17.000000,
CH1112956201, 25.04.2022, 15:27, 950.000000, 6.000000,
CH1112956201, 08.04.2026, 15:02, 1448.000000, 3.000000,
CH1112956201, 02.05.2022, 08:38, 950.000000, 1.000000,
CH1112956201, 03.05.2022, 10:40, 975.000000, 5.000000,
CH1112956201, 03.05.2022, 11:20, 980.000000, 2.000000,
CH1112956201, 04.05.2022, 08:32, 980.000000, 2.000000,
CH1112956201, 04.05.2022, 14:20, 980.000000, 11.000000,
CH1112956201, 02.05.2022, 08:38, 949.000000, 1.000000,
CH1112956201, 04.05.2022, 16:07, 980.000000, 1.000000,
CH1112956201, 06.05.2022, 09:50, 975.000000, 1.000000,
CH1112956201, 06.05.2022, 13:11, 975.000000, 4.000000,
CH1112956201, 06.05.2022, 13:11, 965.000000, 1.000000,
CH1112956201, 09.04.2026, 10:55, 1400.000000, 5.000000,
CH1112956201, 09.04.2026, 14:59, 1425.000000, 5.000000,
CH1112956201, 10.04.2026, 08:56, 1445.000000, 10.000000,
CH1112956201, 09.05.2022, 08:45, 980.000000, 8.000000,
CH1112956201, 09.05.2022, 11:47, 965.000000, 14.000000,
CH1112956201, 09.05.2022, 16:59, 1000.000000, 20.000000,
CH1112956201, 10.05.2022, 15:15, 965.000000, 14.000000,
CH1112956201, 10.05.2022, 15:54, 947.000000, 40.000000,
CH1112956201, 09.05.2022, 08:45, 990.000000, 10.000000,
CH1112956201, 09.05.2022, 11:47, 965.000000, 1.000000,
CH1112956201, 10.05.2022, 15:15, 950.000000, 20.000000,
CH1112956201, 10.05.2022, 15:54, 947.000000, 27.000000,
CH1112956201, 09.04.2026, 14:59, 1449.000000, 10.000000,
CH1112956201, 10.04.2026, 09:44, 1402.000000, 3.000000,
CH1112956201, 09.05.2022, 08:45, 1000.000000, 2.000000,
CH1112956201, 10.05.2022, 15:15, 949.000000, 99.000000,
CH1112956201, 10.04.2026, 09:44, 1401.000000, 2.000000,
CH1112956201, 10.04.2026, 11:06, 1400.000000, 5.000000,
CH1112956201, 10.04.2026, 11:33, 1435.000000, 5.000000,
CH1112956201, 10.04.2026, 13:38, 1435.000000, 5.000000,
CH1112956201, 10.04.2026, 13:38, 1400.000000, 5.000000,
CH1112956201, 13.04.2026, 08:30, 1401.000000, 5.000000,
CH1112956201, 13.04.2026, 08:30, 1400.000000, 30.000000,
CH1112956201, 18.05.2022, 09:34, 945.000000, 15.000000,
CH1112956201, 18.05.2022, 09:40, 929.000000, 15.000000,
CH1112956201, 18.05.2022, 09:41, 960.000000, 2.000000,
CH1112956201, 10.04.2026, 11:33, 1440.000000, 5.000000,
CH1112956201, 19.05.2022, 13:46, 960.000000, 5.000000,
CH1112956201, 19.05.2022, 13:50, 960.000000, 13.000000,
CH1112956201, 19.05.2022, 15:25, 960.000000, 5.000000,
CH1112956201, 20.05.2022, 08:41, 930.000000, 10.000000,
CH1112956201, 20.05.2022, 09:02, 945.000000, 5.000000,
CH1112956201, 23.05.2022, 08:31, 930.000000, 10.000000,
CH1112956201, 19.05.2022, 15:25, 945.000000, 2.000000,
CH1112956201, 20.05.2022, 08:41, 929.000000, 40.000000,
CH1112956201, 23.05.2022, 08:31, 929.000000, 10.000000,
CH1112956201, 13.04.2026, 10:27, 1440.000000, 5.000000,
CH1112956201, 14.04.2026, 08:30, 1445.000000, 5.000000,
CH1112956201, 14.04.2026, 08:30, 1449.000000, 5.000000,
CH1112956201, 23.05.2022, 11:18, 945.000000, 3.000000,
CH1112956201, 23.05.2022, 14:31, 950.000000, 5.000000,
CH1112956201, 23.05.2022, 14:56, 929.000000, 8.000000,
CH1112956201, 24.05.2022, 11:23, 950.000000, 15.000000,
CH1112956201, 24.05.2022, 11:26, 950.000000, 2.000000,
CH1112956201, 24.05.2022, 16:11, 930.000000, 5.000000,
CH1112956201, 25.05.2022, 08:30, 950.000000, 15.000000,
CH1112956201, 23.05.2022, 14:02, 950.000000, 12.000000,
CH1112956201, 23.05.2022, 14:56, 927.000000, 17.000000,
CH1112956201, 13.04.2026, 09:32, 1439.000000, 15.000000,
CH1112956201, 13.04.2026, 10:27, 1445.000000, 5.000000,
CH1112956201, 25.05.2022, 13:22, 930.000000, 3.000000,
CH1112956201, 25.05.2022, 14:15, 948.000000, 15.000000,
CH1112956201, 25.05.2022, 15:46, 949.000000, 15.000000,
CH1112956201, 27.05.2022, 16:23, 927.000000, 1.000000,
CH1112956201, 30.05.2022, 08:32, 925.000000, 1.000000,
CH1112956201, 25.05.2022, 13:22, 928.000000, 15.000000,
CH1112956201, 27.05.2022, 16:23, 925.000000, 59.000000,
CH1112956201, 30.05.2022, 08:54, 949.000000, 10.000000,
CH1112956201, 25.05.2022, 13:22, 927.000000, 82.000000,
CH1112956201, 30.05.2022, 11:10, 950.000000, 20.000000,
CH1112956201, 30.05.2022, 11:10, 950.000000, 5.000000,
CH1112956201, 30.05.2022, 11:29, 926.000000, 15.000000,
CH1112956201, 30.05.2022, 13:38, 925.000000, 15.000000,
CH1112956201, 31.05.2022, 09:42, 925.000000, 10.000000,
CH1112956201, 31.05.2022, 16:45, 949.000000, 15.000000,
CH1112956201, 14.04.2026, 15:33, 1445.000000, 1.000000,
CH1112956201, 15.04.2026, 08:30, 1449.000000, 5.000000,
CH1112956201, 15.04.2026, 08:30, 1449.000000, 4.000000,
CH1112956201, 15.04.2026, 08:30, 1449.000000, 1.000000,
CH1112956201, 01.06.2022, 08:41, 950.000000, 15.000000,
CH1112956201, 01.06.2022, 09:18, 928.000000, 15.000000,
CH1112956201, 01.06.2022, 10:09, 950.000000, 10.000000,
CH1112956201, 01.06.2022, 10:13, 950.000000, 15.000000,
CH1112956201, 01.06.2022, 14:00, 950.000000, 16.000000,
CH1112956201, 01.06.2022, 14:21, 950.000000, 20.000000,
CH1112956201, 02.06.2022, 16:19, 930.000000, 15.000000,
CH1112956201, 02.06.2022, 16:19, 928.000000, 15.000000,
CH1112956201, 14.04.2026, 11:14, 1401.000000, 1.000000,
CH1112956201, 15.04.2026, 08:30, 1449.000000, 4.000000,
CH1112956201, 02.06.2022, 16:19, 927.000000, 15.000000,
CH1112956201, 03.06.2022, 11:43, 927.000000, 25.000000,
CH1112956201, 07.06.2022, 10:57, 927.000000, 10.000000,
CH1112956201, 15.04.2026, 08:30, 1449.000000, 6.000000,
CH1112956201, 15.04.2026, 09:11, 1401.000000, 2.000000,
CH1112956201, 15.04.2026, 11:17, 1390.000000, 15.000000,
CH1112956201, 15.04.2026, 09:11, 1400.000000, 5.000000,
CH1112956201, 15.04.2026, 11:17, 1388.000000, 20.000000,
CH1112956201, 09.06.2022, 10:20, 927.000000, 50.000000,
CH1112956201, 09.06.2022, 10:20, 925.000000, 15.000000,
CH1112956201, 09.06.2022, 10:20, 925.000000, 15.000000,
CH1112956201, 15.04.2026, 09:11, 1388.000000, 8.000000,
CH1112956201, 10.06.2022, 11:34, 930.000000, 15.000000,
CH1112956201, 13.06.2022, 14:40, 940.000000, 5.000000,
CH1112956201, 13.06.2022, 16:04, 930.000000, 15.000000,
CH1112956201, 14.06.2022, 13:55, 940.000000, 15.000000,
CH1112956201, 14.06.2022, 14:15, 940.000000, 15.000000,
CH1112956201, 15.06.2022, 11:23, 940.000000, 10.000000,
CH1112956201, 13.06.2022, 16:04, 925.000000, 5.000000,
CH1112956201, 16.04.2026, 16:28, 1400.000000, 5.000000,
CH1112956201, 16.04.2026, 16:29, 1400.000000, 5.000000,
CH1112956201, 16.06.2022, 12:11, 925.000000, 40.000000,
CH1112956201, 17.06.2022, 16:15, 925.000000, 5.000000,
CH1112956201, 16.06.2022, 12:11, 925.000000, 25.000000,
CH1112956201, 17.04.2026, 15:31, 1388.000000, 15.000000,
CH1112956201, 20.04.2026, 08:31, 1445.000000, 15.000000,
CH1112956201, 20.04.2026, 08:31, 1449.000000, 5.000000,
CH1112956201, 20.04.2026, 08:42, 1449.000000, 4.000000,
CH1112956201, 16.06.2022, 12:11, 923.000000, 15.000000,
CH1112956201, 20.04.2026, 08:42, 1450.000000, 1.000000,
CH1112956201, 20.06.2022, 11:26, 925.000000, 22.000000,
CH1112956201, 20.04.2026, 10:32, 1450.000000, 3.000000,
CH1112956201, 23.06.2022, 09:27, 930.000000, 5.000000,
CH1112956201, 21.04.2026, 09:30, 1450.000000, 7.000000,
CH1112956201, 27.06.2022, 15:17, 940.000000, 15.000000,
CH1112956201, 21.04.2026, 16:43, 1450.000000, 3.000000,
CH1112956201, 21.04.2026, 16:43, 1460.000000, 7.000000,
CH1112956201, 28.06.2022, 16:31, 940.000000, 1.000000,
CH1112956201, 22.04.2026, 15:29, 1460.000000, 15.000000,
CH1112956201, 01.07.2022, 14:30, 930.000000, 15.000000,
CH1112956201, 05.07.2022, 10:06, 930.000000, 3.000000,
CH1112956201, 05.07.2022, 10:06, 930.000000, 16.000000,
CH1112956201, 23.04.2026, 08:30, 1397.000000, 10.000000,
CH1112956201, 23.04.2026, 11:27, 1460.000000, 3.000000,
CH1112956201, 23.04.2026, 11:27, 1460.000000, 7.000000,
CH1112956201, 05.07.2022, 10:06, 928.000000, 6.000000,
CH1112956201, 05.07.2022, 14:57, 928.000000, 30.000000,
CH1112956201, 24.04.2026, 08:30, 1400.000000, 4.000000,
CH1112956201, 24.04.2026, 09:38, 1400.000000, 11.000000,
CH1112956201, 24.04.2026, 09:42, 1460.000000, 1.000000,
CH1112956201, 24.04.2026, 09:38, 1400.000000, 3.000000,
CH1112956201, 24.04.2026, 09:42, 1469.000000, 4.000000,
CH1112956201, 27.04.2026, 08:31, 1396.000000, 5.000000,
CH1112956201, 12.07.2022, 08:57, 940.000000, 2.000000,
CH1112956201, 14.07.2022, 11:42, 940.000000, 13.000000,
CH1112956201, 14.07.2022, 11:42, 940.000000, 3.000000,
CH1112956201, 14.07.2022, 15:26, 928.000000, 30.000000,
CH1112956201, 14.07.2022, 15:42, 928.000000, 34.000000,
CH1112956201, 14.07.2022, 11:42, 940.000000, 4.000000,
CH1112956201, 14.07.2022, 15:42, 926.000000, 11.000000,
CH1112956201, 24.04.2026, 09:38, 1396.000000, 1.000000,
CH1112956201, 27.04.2026, 09:01, 1460.000000, 15.000000,
CH1112956201, 15.07.2022, 10:19, 940.000000, 15.000000,
CH1112956201, 15.07.2022, 11:12, 940.000000, 15.000000,
CH1112956201, 18.07.2022, 11:53, 941.000000, 10.000000,
CH1112956201, 18.07.2022, 13:57, 940.000000, 15.000000,
CH1112956201, 18.07.2022, 16:14, 940.000000, 1.000000,
CH1112956201, 19.07.2022, 16:39, 930.000000, 15.000000,
CH1112956201, 20.07.2022, 14:04, 930.000000, 5.000000,
CH1112956201, 20.07.2022, 14:05, 930.000000, 50.000000,
CH1112956201, 21.07.2022, 08:31, 930.000000, 1.000000,
CH1112956201, 21.07.2022, 08:46, 926.000000, 4.000000,
CH1112956201, 21.07.2022, 13:42, 926.000000, 35.000000,
CH1112956201, 22.07.2022, 09:39, 926.000000, 1.000000,
CH1112956201, 21.07.2022, 08:46, 926.000000, 5.000000,
CH1112956201, 25.07.2022, 10:08, 926.000000, 5.000000,
CH1112956201, 25.07.2022, 11:42, 930.000000, 2.000000,
CH1112956201, 26.07.2022, 16:08, 926.000000, 15.000000,
CH1112956201, 27.07.2022, 14:11, 930.000000, 15.000000,
CH1112956201, 27.07.2022, 14:52, 926.000000, 10.000000,
CH1112956201, 27.07.2022, 16:22, 926.000000, 15.000000,
CH1112956201, 28.07.2022, 14:45, 926.000000, 20.000000,
CH1112956201, 28.07.2022, 15:38, 930.000000, 2.000000,
CH1112956201, 28.07.2022, 16:16, 930.000000, 5.000000,
CH1112956201, 29.07.2022, 08:51, 926.000000, 4.000000,
CH1112956201, 29.07.2022, 10:15, 924.000000, 5.000000,
CH1112956201, 29.07.2022, 11:04, 924.000000, 60.000000,
CH1112956201, 02.08.2022, 08:30, 930.000000, 5.000000,
CH1112956201, 02.08.2022, 10:16, 925.000000, 11.000000,
CH1112956201, 29.07.2022, 08:51, 924.000000, 23.000000,
CH1112956201, 02.08.2022, 10:32, 924.000000, 12.000000,
CH1112956201, 02.08.2022, 10:32, 922.000000, 3.000000,
CH1112956201, 03.08.2022, 10:34, 922.000000, 15.000000,
CH1112956201, 04.08.2022, 08:31, 925.000000, 1.000000,
CH1112956201, 04.08.2022, 09:30, 930.000000, 20.000000,
CH1112956201, 04.08.2022, 10:34, 922.000000, 20.000000,
CH1112956201, 04.08.2022, 10:43, 922.000000, 60.000000,
CH1112956201, 04.08.2022, 16:04, 930.000000, 15.000000,
CH1112956201, 04.08.2022, 08:31, 930.000000, 14.000000,
CH1112956201, 05.08.2022, 15:30, 930.000000, 15.000000,
CH1112956201, 08.08.2022, 10:56, 930.000000, 12.000000,
CH1112956201, 08.08.2022, 11:40, 930.000000, 15.000000,
CH1112956201, 08.08.2022, 14:27, 922.000000, 2.000000,
CH1112956201, 08.08.2022, 15:20, 930.000000, 15.000000,
CH1112956201, 08.08.2022, 15:52, 922.000000, 15.000000,
CH1112956201, 09.08.2022, 08:39, 925.000000, 5.000000,
CH1112956201, 09.08.2022, 09:03, 930.000000, 30.000000,
CH1112956201, 08.08.2022, 15:52, 920.000000, 1.000000,
CH1112956201, 09.08.2022, 08:39, 930.000000, 10.000000,
CH1112956201, 08.08.2022, 15:52, 920.000000, 9.000000,
CH1112956201, 10.08.2022, 15:51, 920.000000, 10.000000,
CH1112956201, 11.08.2022, 10:10, 920.000000, 4.000000,
CH1112956201, 11.08.2022, 11:45, 930.000000, 16.000000,
CH1112956201, 12.08.2022, 11:41, 920.000000, 11.000000,
CH1112956201, 12.08.2022, 12:44, 920.000000, 96.000000,
CH1112956201, 12.08.2022, 16:01, 930.000000, 2.000000,
CH1112956201, 12.08.2022, 11:41, 920.000000, 4.000000,
CH1112956201, 12.08.2022, 12:44, 918.000000, 100.000000,
CH1112956201, 12.08.2022, 12:44, 916.000000, 54.000000,
CH1112956201, 16.08.2022, 14:35, 916.000000, 20.000000,
CH1112956201, 16.08.2022, 16:53, 916.000000, 5.000000,
CH1112956201, 18.08.2022, 10:45, 929.000000, 10.000000,
CH1112956201, 11.08.2022, 10:10, 920.000000, 1.000000,
CH1112956201, 18.08.2022, 10:45, 930.000000, 1.000000,
CH1112956201, 18.08.2022, 10:45, 930.000000, 4.000000,
CH1112956201, 19.08.2022, 08:30, 925.000000, 10.000000,
CH1112956201, 19.08.2022, 10:01, 920.000000, 5.000000,
CH1112956201, 19.08.2022, 08:30, 920.000000, 5.000000,
CH1112956201, 23.08.2022, 13:24, 929.000000, 3.000000,
CH1112956201, 23.08.2022, 14:49, 920.000000, 10.000000,
CH1112956201, 24.08.2022, 09:58, 929.000000, 12.000000,
CH1112956201, 23.08.2022, 14:49, 916.000000, 5.000000,
CH1112956201, 26.08.2022, 14:03, 916.000000, 16.000000,
CH1112956201, 26.08.2022, 14:03, 916.000000, 5.000000,
CH1112956201, 29.08.2022, 09:16, 930.000000, 30.000000,
CH1112956201, 26.08.2022, 14:03, 914.000000, 14.000000,
CH1112956201, 30.08.2022, 08:31, 930.000000, 15.000000,
CH1112956201, 31.08.2022, 15:07, 920.000000, 15.000000,
CH1112956201, 31.08.2022, 15:07, 916.000000, 4.000000,
CH1112956201, 31.08.2022, 15:07, 915.000000, 11.000000,
CH1112956201, 02.09.2022, 10:23, 915.000000, 10.000000,
CH1112956201, 02.09.2022, 14:52, 928.000000, 15.000000,
CH1112956201, 05.09.2022, 09:47, 915.000000, 15.000000,
CH1112956201, 05.09.2022, 15:55, 915.000000, 5.000000,
CH1112956201, 05.09.2022, 15:55, 914.000000, 3.000000,
CH1112956201, 06.09.2022, 16:43, 914.000000, 25.000000,
CH1112956201, 06.09.2022, 16:44, 928.000000, 15.000000,
CH1112956201, 07.09.2022, 10:34, 928.000000, 10.000000,
CH1112956201, 08.09.2022, 09:07, 914.000000, 3.000000,
CH1112956201, 08.09.2022, 15:48, 914.000000, 2.000000,
CH1112956201, 09.09.2022, 16:41, 928.000000, 2.000000,
CH1112956201, 12.09.2022, 15:43, 914.000000, 2.000000,
CH1112956201, 13.09.2022, 08:57, 928.000000, 8.000000,
CH1112956201, 13.09.2022, 08:57, 929.000000, 7.000000,
CH1112956201, 16.09.2022, 11:40, 929.000000, 15.000000,
CH1112956201, 16.09.2022, 15:45, 929.000000, 15.000000,
CH1112956201, 19.09.2022, 14:55, 914.000000, 25.000000,
CH1112956201, 20.09.2022, 09:50, 914.000000, 40.000000,
CH1112956201, 21.09.2022, 09:28, 914.000000, 23.000000,
CH1112956201, 21.09.2022, 09:28, 914.000000, 7.000000,
CH1112956201, 23.09.2022, 13:53, 914.000000, 18.000000,
CH1112956201, 26.09.2022, 10:23, 912.000000, 5.000000,
CH1112956201, 26.09.2022, 11:23, 912.000000, 3.000000,
CH1112956201, 23.09.2022, 13:53, 913.000000, 10.000000,
CH1112956201, 23.09.2022, 13:53, 912.000000, 11.000000,
CH1112956201, 27.09.2022, 14:41, 912.000000, 1.000000,
CH1112956201, 28.09.2022, 13:32, 926.000000, 10.000000,
CH1112956201, 28.09.2022, 13:32, 927.000000, 45.000000,
CH1112956201, 29.09.2022, 10:08, 912.000000, 11.000000,
CH1112956201, 29.09.2022, 11:35, 927.000000, 15.000000,
CH1112956201, 30.09.2022, 09:22, 927.000000, 1.000000,
CH1112956201, 03.10.2022, 08:35, 915.000000, 5.000000,
CH1112956201, 03.10.2022, 08:35, 912.000000, 10.000000,
CH1112956201, 03.10.2022, 08:35, 912.000000, 10.000000,
CH1112956201, 04.10.2022, 08:31, 912.000000, 15.000000,
CH1112956201, 04.10.2022, 14:14, 912.000000, 2.000000,
CH1112956201, 05.10.2022, 12:14, 912.000000, 5.000000,
CH1112956201, 07.10.2022, 08:32, 912.000000, 10.000000,
CH1112956201, 07.10.2022, 10:39, 925.000000, 1.000000,
CH1112956201, 07.10.2022, 14:15, 912.000000, 60.000000,
CH1112956201, 10.10.2022, 11:17, 925.000000, 3.000000,
CH1112956201, 10.10.2022, 11:17, 927.000000, 47.000000,
CH1112956201, 10.10.2022, 11:35, 927.000000, 16.000000,
CH1112956201, 11.10.2022, 16:47, 912.000000, 3.000000,
CH1112956201, 14.10.2022, 11:00, 927.000000, 15.000000,
CH1112956201, 17.10.2022, 09:08, 915.000000, 5.000000,
CH1112956201, 17.10.2022, 14:22, 912.000000, 20.000000,
CH1112956201, 20.10.2022, 13:46, 912.000000, 5.000000,
CH1112956201, 24.10.2022, 11:00, 913.000000, 4.000000,
CH1112956201, 24.10.2022, 14:29, 927.000000, 15.000000,
CH1112956201, 24.10.2022, 08:31, 927.000000, 4.000000,
CH1112956201, 25.10.2022, 08:31, 927.000000, 5.000000,
CH1112956201, 25.10.2022, 09:11, 927.000000, 15.000000,
CH1112956201, 25.10.2022, 09:56, 927.000000, 30.000000,
CH1112956201, 27.10.2022, 08:30, 913.000000, 11.000000,
CH1112956201, 27.10.2022, 08:32, 912.000000, 91.000000,
CH1112956201, 27.10.2022, 08:30, 912.000000, 9.000000,
CH1112956201, 27.10.2022, 08:32, 912.000000, 9.000000,
CH1112956201, 27.10.2022, 10:33, 927.000000, 25.000000,
CH1112956201, 27.10.2022, 13:52, 927.000000, 15.000000,
CH1112956201, 28.10.2022, 15:49, 927.000000, 25.000000,
CH1112956201, 28.10.2022, 15:50, 912.000000, 2.000000,
CH1112956201, 28.10.2022, 16:38, 927.000000, 15.000000,
CH1112956201, 31.10.2022, 08:31, 912.000000, 20.000000,
CH1112956201, 02.11.2022, 09:50, 925.000000, 15.000000,
CH1112956201, 02.11.2022, 11:31, 915.000000, 5.000000,
CH1112956201, 02.11.2022, 16:23, 912.000000, 50.000000,
CH1112956201, 03.11.2022, 11:33, 912.000000, 20.000000,
CH1112956201, 04.11.2022, 08:30, 927.000000, 25.000000,
CH1112956201, 04.11.2022, 14:22, 912.000000, 35.000000,
CH1112956201, 10.11.2022, 15:41, 926.000000, 15.000000,
CH1112956201, 11.11.2022, 09:27, 926.000000, 20.000000,
CH1112956201, 11.11.2022, 13:11, 912.000000, 1.000000,
CH1112956201, 14.11.2022, 09:22, 925.000000, 10.000000,
CH1112956201, 14.11.2022, 16:11, 925.000000, 5.000000,
CH1112956201, 11.11.2022, 13:11, 912.000000, 14.000000,
CH1112956201, 15.11.2022, 08:36, 912.000000, 10.000000,
CH1112956201, 15.11.2022, 16:24, 925.000000, 15.000000,
CH1112956201, 15.11.2022, 16:27, 926.000000, 3.000000,
CH1112956201, 16.11.2022, 13:28, 926.000000, 15.000000,
CH1112956201, 16.11.2022, 16:01, 926.000000, 10.000000,
CH1112956201, 17.11.2022, 15:12, 912.000000, 1.000000,
CH1112956201, 18.11.2022, 08:30, 910.000000, 20.000000,
CH1112956201, 15.11.2022, 16:24, 926.000000, 5.000000,
CH1112956201, 17.11.2022, 15:12, 911.000000, 10.000000,
CH1112956201, 17.11.2022, 15:12, 910.000000, 14.000000,
CH1112956201, 18.11.2022, 11:03, 910.000000, 30.000000,
CH1112956201, 18.11.2022, 16:27, 924.000000, 10.000000,
CH1112956201, 21.11.2022, 13:06, 925.000000, 15.000000,
CH1112956201, 21.11.2022, 13:41, 925.000000, 15.000000,
CH1112956201, 22.11.2022, 10:31, 925.000000, 5.000000,
CH1112956201, 22.11.2022, 14:37, 911.000000, 5.000000,
CH1112956201, 18.11.2022, 16:27, 925.000000, 10.000000,
CH1112956201, 18.11.2022, 16:27, 925.000000, 10.000000,
CH1112956201, 23.11.2022, 09:12, 924.000000, 5.000000,
CH1112956201, 23.11.2022, 14:49, 925.000000, 5.000000,
CH1112956201, 23.11.2022, 09:12, 925.000000, 10.000000,
CH1112956201, 25.11.2022, 13:30, 925.000000, 1.000000,
CH1112956201, 25.11.2022, 14:25, 925.000000, 5.000000,
CH1112956201, 29.11.2022, 09:14, 925.000000, 25.000000,
CH1112956201, 29.11.2022, 11:25, 911.000000, 5.000000,
CH1112956201, 30.11.2022, 10:52, 924.000000, 5.000000,
CH1112956201, 30.11.2022, 10:52, 925.000000, 10.000000,
CH1112956201, 01.12.2022, 10:16, 911.000000, 5.000000,
CH1112956201, 01.12.2022, 10:47, 924.000000, 5.000000,
CH1112956201, 01.12.2022, 10:54, 925.000000, 2.000000,
CH1112956201, 02.12.2022, 10:40, 911.000000, 5.000000,
CH1112956201, 02.12.2022, 11:11, 925.000000, 20.000000,
CH1112956201, 02.12.2022, 13:25, 924.000000, 5.000000,
CH1112956201, 01.12.2022, 10:16, 910.000000, 5.000000,
CH1112956201, 02.12.2022, 10:40, 910.000000, 10.000000,
CH1112956201, 02.12.2022, 13:25, 925.000000, 10.000000,
CH1112956201, 02.12.2022, 14:37, 911.000000, 5.000000,
CH1112956201, 02.12.2022, 14:37, 910.000000, 40.000000,
CH1112956201, 05.12.2022, 08:58, 911.000000, 1.000000,
CH1112956201, 07.12.2022, 08:30, 915.000000, 5.000000,
CH1112956201, 07.12.2022, 08:30, 911.000000, 4.000000,
CH1112956201, 07.12.2022, 08:30, 911.000000, 15.000000,
CH1112956201, 08.12.2022, 08:58, 911.000000, 5.000000,
CH1112956201, 08.12.2022, 10:44, 924.000000, 10.000000,
CH1112956201, 09.12.2022, 08:30, 924.000000, 1.000000,
CH1112956201, 07.12.2022, 08:30, 910.000000, 21.000000,
CH1112956201, 08.12.2022, 08:58, 910.000000, 20.000000,
CH1112956201, 08.12.2022, 10:44, 925.000000, 15.000000,
CH1112956201, 09.12.2022, 16:47, 924.000000, 4.000000,
CH1112956201, 13.12.2022, 14:24, 916.000000, 10.000000,
CH1112956201, 09.12.2022, 16:47, 925.000000, 16.000000,
CH1112956201, 13.12.2022, 16:39, 930.000000, 30.000000,
CH1112956201, 14.12.2022, 15:06, 930.000000, 10.000000,
CH1112956201, 14.12.2022, 15:28, 930.000000, 21.000000,
CH1112956201, 15.12.2022, 11:52, 916.000000, 15.000000,
CH1112956201, 21.12.2022, 15:48, 925.000000, 1.000000,
CH1112956201, 22.12.2022, 09:04, 925.000000, 1.000000,
CH1112956201, 22.12.2022, 09:31, 925.000000, 13.000000,
CH1112956201, 22.12.2022, 09:31, 930.000000, 2.000000,
CH1112956201, 06.01.2023, 08:30, 930.000000, 15.000000,
CH1112956201, 06.01.2023, 14:40, 920.000000, 15.000000,
CH1112956201, 09.01.2023, 08:32, 930.000000, 3.000000,
CH1112956201, 09.01.2023, 08:32, 930.000000, 15.000000,
CH1112956201, 09.01.2023, 10:40, 930.000000, 12.000000,
CH1112956201, 06.01.2023, 08:30, 930.000000, 15.000000,
CH1112956201, 09.01.2023, 10:40, 930.000000, 3.000000,
CH1112956201, 10.01.2023, 09:43, 930.000000, 50.000000,
CH1112956201, 11.01.2023, 09:32, 930.000000, 22.000000,
CH1112956201, 11.01.2023, 09:35, 930.000000, 15.000000,
CH1112956201, 11.01.2023, 16:29, 917.000000, 15.000000,
CH1112956201, 12.01.2023, 15:15, 930.000000, 5.000000,
CH1112956201, 12.01.2023, 16:25, 930.000000, 1.000000,
CH1112956201, 12.01.2023, 16:41, 930.000000, 6.000000,
CH1112956201, 13.01.2023, 08:30, 930.000000, 10.000000,
CH1112956201, 13.01.2023, 09:16, 930.000000, 16.000000,
CH1112956201, 16.01.2023, 08:31, 930.000000, 5.000000,
CH1112956201, 16.01.2023, 13:55, 930.000000, 15.000000,
CH1112956201, 16.01.2023, 14:21, 930.000000, 15.000000,
CH1112956201, 17.01.2023, 11:18, 916.000000, 25.000000,
CH1112956201, 16.01.2023, 08:31, 930.000000, 10.000000,
CH1112956201, 18.01.2023, 11:32, 916.000000, 30.000000,
CH1112956201, 19.01.2023, 08:30, 920.000000, 15.000000,
CH1112956201, 19.01.2023, 13:58, 916.000000, 15.000000,
CH1112956201, 19.01.2023, 08:39, 930.000000, 15.000000,
CH1112956201, 20.01.2023, 13:55, 930.000000, 15.000000,
CH1112956201, 23.01.2023, 10:49, 930.000000, 13.000000,
CH1112956201, 23.01.2023, 13:36, 931.000000, 15.000000,
CH1112956201, 23.01.2023, 13:36, 931.000000, 15.000000,
CH1112956201, 25.01.2023, 14:02, 930.000000, 2.000000,
CH1112956201, 25.01.2023, 14:02, 920.000000, 13.000000,
CH1112956201, 26.01.2023, 09:41, 920.000000, 2.000000,
CH1112956201, 26.01.2023, 16:21, 931.000000, 40.000000,
CH1112956201, 27.01.2023, 09:03, 931.000000, 15.000000,
CH1112956201, 27.01.2023, 11:00, 931.000000, 2.000000,
CH1112956201, 26.01.2023, 09:41, 920.000000, 5.000000,
CH1112956201, 26.01.2023, 09:41, 920.000000, 15.000000,
CH1112956201, 30.01.2023, 14:07, 931.000000, 15.000000,
CH1112956201, 30.01.2023, 16:10, 931.000000, 10.000000,
CH1112956201, 26.01.2023, 09:41, 916.000000, 38.000000,
CH1112956201, 01.02.2023, 13:51, 931.000000, 15.000000,
CH1112956201, 02.02.2023, 08:31, 930.000000, 15.000000,
CH1112956201, 02.02.2023, 14:24, 931.000000, 15.000000,
CH1112956201, 02.02.2023, 16:56, 916.000000, 30.000000,
CH1112956201, 06.02.2023, 08:31, 931.000000, 54.000000,
CH1112956201, 06.02.2023, 13:59, 931.000000, 31.000000,
CH1112956201, 06.02.2023, 13:59, 933.000000, 87.000000,
CH1112956201, 06.02.2023, 16:50, 925.000000, 15.000000,
CH1112956201, 07.02.2023, 11:55, 925.000000, 40.000000,
CH1112956201, 08.02.2023, 08:31, 925.000000, 25.000000,
CH1112956201, 06.02.2023, 13:59, 931.000000, 32.000000,
CH1112956201, 08.02.2023, 15:00, 933.000000, 13.000000,
CH1112956201, 09.02.2023, 11:34, 935.000000, 5.000000,
CH1112956201, 09.02.2023, 14:53, 933.000000, 2.000000,
CH1112956201, 09.02.2023, 14:53, 920.000000, 73.000000,
CH1112956201, 10.02.2023, 12:03, 935.000000, 5.000000,
CH1112956201, 10.02.2023, 14:51, 935.000000, 5.000000,
CH1112956201, 13.02.2023, 08:33, 935.000000, 20.000000,
CH1112956201, 13.02.2023, 14:00, 935.000000, 10.000000,
CH1112956201, 14.02.2023, 09:14, 935.000000, 15.000000,
CH1112956201, 14.02.2023, 09:40, 921.000000, 15.000000,
CH1112956201, 15.02.2023, 10:08, 921.000000, 40.000000,
CH1112956201, 15.02.2023, 11:39, 921.000000, 15.000000,
CH1112956201, 17.02.2023, 11:32, 935.000000, 15.000000,
CH1112956201, 17.02.2023, 11:51, 925.000000, 15.000000,
CH1112956201, 20.02.2023, 08:58, 935.000000, 30.000000,
CH1112956201, 20.02.2023, 11:30, 921.000000, 15.000000,
CH1112956201, 21.02.2023, 11:15, 935.000000, 5.000000,
CH1112956201, 22.02.2023, 15:49, 935.000000, 15.000000,
CH1112956201, 22.02.2023, 16:14, 926.000000, 10.000000,
CH1112956201, 23.02.2023, 11:28, 935.000000, 30.000000,
CH1112956201, 23.02.2023, 11:33, 935.000000, 15.000000,
CH1112956201, 23.02.2023, 14:44, 935.000000, 3.000000,
CH1112956201, 23.02.2023, 16:01, 939.000000, 12.000000,
CH1112956201, 23.02.2023, 14:44, 937.000000, 12.000000,
CH1112956201, 23.02.2023, 16:01, 937.000000, 88.000000,
CH1112956201, 24.02.2023, 10:47, 939.000000, 88.000000,
CH1112956201, 27.02.2023, 09:34, 941.000000, 15.000000,
CH1112956201, 28.02.2023, 10:15, 941.000000, 20.000000,
CH1112956201, 01.03.2023, 09:44, 941.000000, 30.000000,
CH1112956201, 01.03.2023, 10:44, 941.000000, 2.000000,
CH1112956201, 01.03.2023, 15:38, 941.000000, 4.000000,
CH1112956201, 01.03.2023, 15:43, 930.000000, 15.000000,
CH1112956201, 01.03.2023, 15:43, 927.000000, 40.000000,
CH1112956201, 02.03.2023, 14:19, 941.000000, 5.000000,
CH1112956201, 02.03.2023, 15:27, 941.000000, 5.000000,
CH1112956201, 06.03.2023, 10:08, 930.000000, 20.000000,
CH1112956201, 02.03.2023, 15:27, 941.000000, 15.000000,
CH1112956201, 06.03.2023, 16:08, 941.000000, 4.000000,
CH1112956201, 08.03.2023, 08:45, 943.000000, 15.000000,
CH1112956201, 06.03.2023, 16:08, 943.000000, 11.000000,
CH1112956201, 08.03.2023, 08:31, 932.000000, 2.000000,
CH1112956201, 08.03.2023, 16:15, 941.000000, 15.000000,
CH1112956201, 08.03.2023, 16:42, 941.000000, 5.000000,
CH1112956201, 08.03.2023, 16:42, 943.000000, 74.000000,
CH1112956201, 10.03.2023, 14:26, 945.000000, 15.000000,
CH1112956201, 13.03.2023, 08:30, 945.000000, 85.000000,
CH1112956201, 13.03.2023, 10:05, 934.000000, 15.000000,
CH1112956201, 13.03.2023, 10:05, 932.000000, 20.000000,
CH1112956201, 13.03.2023, 08:30, 947.000000, 15.000000,
CH1112956201, 14.03.2023, 10:34, 947.000000, 15.000000,
CH1112956201, 14.03.2023, 16:07, 932.000000, 11.000000,
CH1112956201, 14.03.2023, 16:07, 932.000000, 4.000000,
CH1112956201, 16.03.2023, 08:30, 947.000000, 30.000000,
CH1112956201, 16.03.2023, 11:25, 947.000000, 35.000000,
CH1112956201, 16.03.2023, 14:52, 932.000000, 30.000000,
CH1112956201, 16.03.2023, 15:52, 932.000000, 12.000000,
CH1112956201, 20.03.2023, 09:15, 950.000000, 15.000000,
CH1112956201, 20.03.2023, 14:00, 946.000000, 30.000000,
CH1112956201, 20.03.2023, 15:15, 950.000000, 5.000000,
CH1112956201, 21.03.2023, 08:31, 975.000000, 5.000000,
CH1112956201, 21.03.2023, 08:33, 955.000000, 55.000000,
CH1112956201, 22.03.2023, 13:16, 975.000000, 12.000000,
CH1112956201, 22.03.2023, 13:57, 946.000000, 13.000000,
CH1112956201, 22.03.2023, 16:57, 975.000000, 13.000000,
CH1112956201, 23.03.2023, 11:27, 970.000000, 10.000000,
CH1112956201, 23.03.2023, 13:36, 990.000000, 2.000000,
CH1112956201, 23.03.2023, 14:22, 970.000000, 5.000000,
CH1112956201, 23.03.2023, 16:07, 949.000000, 39.000000,
CH1112956201, 21.03.2023, 08:33, 946.000000, 15.000000,
CH1112956201, 22.03.2023, 16:57, 990.000000, 3.000000,
CH1112956201, 23.03.2023, 13:36, 990.000000, 13.000000,
CH1112956201, 22.03.2023, 12:09, 975.000000, 8.000000,
CH1112956201, 24.03.2023, 11:08, 990.000000, 7.000000,
CH1112956201, 24.03.2023, 11:16, 949.000000, 53.000000,
CH1112956201, 27.03.2023, 11:50, 995.000000, 2.000000,
CH1112956201, 24.03.2023, 11:08, 995.000000, 8.000000,
CH1112956201, 27.03.2023, 11:50, 995.000000, 13.000000,
CH1112956201, 28.03.2023, 09:34, 955.000000, 10.000000,
CH1112956201, 28.03.2023, 10:22, 995.000000, 3.000000,
CH1112956201, 29.03.2023, 11:07, 955.000000, 10.000000,
CH1112956201, 29.03.2023, 11:07, 954.000000, 5.000000,
CH1112956201, 29.03.2023, 13:21, 999.000000, 8.000000,
CH1112956201, 27.03.2023, 16:23, 995.000000, 4.000000,
CH1112956201, 28.03.2023, 10:22, 999.000000, 12.000000,
CH1112956201, 29.03.2023, 13:21, 999.000000, 7.000000,
CH1112956201, 30.03.2023, 08:30, 999.000000, 2.000000,
CH1112956201, 31.03.2023, 10:53, 999.000000, 16.000000,
CH1112956201, 31.03.2023, 14:47, 999.000000, 20.000000,
CH1112956201, 03.04.2023, 08:31, 999.000000, 5.000000,
CH1112956201, 04.04.2023, 16:30, 1005.000000, 1.000000,
CH1112956201, 06.04.2023, 16:52, 960.000000, 5.000000,
CH1112956201, 12.04.2023, 15:35, 960.000000, 10.000000,
CH1112956201, 12.04.2023, 15:35, 954.000000, 10.000000,
CH1112956201, 12.04.2023, 15:35, 960.000000, 10.000000,
CH1112956201, 12.04.2023, 15:35, 960.000000, 20.000000,
CH1112956201, 18.04.2023, 10:30, 1005.000000, 19.000000,
CH1112956201, 18.04.2023, 10:30, 1005.000000, 10.000000,
CH1112956201, 18.04.2023, 10:30, 1010.000000, 1.000000,
CH1112956201, 20.04.2023, 13:45, 970.000000, 15.000000,
CH1112956201, 20.04.2023, 15:45, 960.000000, 10.000000,
CH1112956201, 21.04.2023, 09:18, 970.000000, 10.000000,
CH1112956201, 21.04.2023, 09:18, 980.000000, 5.000000,
CH1112956201, 21.04.2023, 09:18, 980.000000, 15.000000,
CH1112956201, 24.04.2023, 08:30, 980.000000, 15.000000,
CH1112956201, 26.04.2023, 10:20, 980.000000, 15.000000,
CH1112956201, 02.05.2023, 08:30, 1009.000000, 9.000000,
CH1112956201, 02.05.2023, 11:41, 980.000000, 15.000000,
CH1112956201, 02.05.2023, 08:30, 1010.000000, 6.000000,
CH1112956201, 02.05.2023, 11:41, 975.000000, 20.000000,
CH1112956201, 02.05.2023, 11:41, 970.000000, 15.000000,
CH1112956201, 02.05.2023, 16:52, 1010.000000, 30.000000,
CH1112956201, 08.05.2023, 11:37, 975.000000, 1.000000,
CH1112956201, 08.05.2023, 14:24, 1010.000000, 14.000000,
CH1112956201, 09.05.2023, 09:32, 1010.000000, 14.000000,
CH1112956201, 08.05.2023, 11:37, 971.000000, 15.000000,
CH1112956201, 08.05.2023, 14:24, 1010.000000, 1.000000,
CH1112956201, 09.05.2023, 09:32, 1010.000000, 1.000000,
CH1112956201, 08.05.2023, 11:37, 969.000000, 29.000000,
CH1112956201, 09.05.2023, 16:51, 1005.000000, 15.000000,
CH1112956201, 10.05.2023, 10:56, 1000.000000, 1.000000,
CH1112956201, 10.05.2023, 16:53, 970.000000, 15.000000,
CH1112956201, 11.05.2023, 15:15, 1000.000000, 9.000000,
CH1112956201, 12.05.2023, 10:29, 1005.000000, 5.000000,
CH1112956201, 12.05.2023, 16:54, 1000.000000, 6.000000,
CH1112956201, 15.05.2023, 08:30, 1010.000000, 10.000000,
CH1112956201, 12.05.2023, 10:29, 1010.000000, 10.000000,
CH1112956201, 12.05.2023, 16:54, 969.000000, 34.000000,
CH1112956201, 16.05.2023, 11:54, 965.000000, 20.000000,
CH1112956201, 16.05.2023, 13:54, 1000.000000, 10.000000,
CH1112956201, 16.05.2023, 13:56, 1000.000000, 5.000000,
CH1112956201, 17.05.2023, 10:11, 1010.000000, 15.000000,
CH1112956201, 16.05.2023, 11:54, 960.000000, 5.000000,
CH1112956201, 16.05.2023, 11:54, 960.000000, 15.000000,
CH1112956201, 16.05.2023, 11:54, 957.000000, 60.000000,
CH1112956201, 17.05.2023, 12:02, 1000.000000, 35.000000,
CH1112956201, 19.05.2023, 08:30, 1010.000000, 2.000000,
CH1112956201, 19.05.2023, 08:30, 1010.000000, 2.000000,
CH1112956201, 19.05.2023, 10:27, 970.000000, 1.000000,
CH1112956201, 19.05.2023, 11:14, 959.000000, 9.000000,
CH1112956201, 19.05.2023, 11:16, 1010.000000, 20.000000,
CH1112956201, 19.05.2023, 11:17, 959.000000, 35.000000,
CH1112956201, 17.05.2023, 12:02, 970.000000, 15.000000,
CH1112956201, 19.05.2023, 10:27, 960.000000, 15.000000,
CH1112956201, 22.05.2023, 11:16, 959.000000, 15.000000,
CH1112956201, 23.05.2023, 08:47, 1010.000000, 19.000000,
CH1112956201, 23.05.2023, 11:31, 970.000000, 10.000000,
CH1112956201, 23.05.2023, 12:00, 980.000000, 15.000000,
CH1112956201, 23.05.2023, 12:00, 970.000000, 10.000000,
CH1112956201, 23.05.2023, 16:10, 970.000000, 20.000000,
CH1112956201, 23.05.2023, 16:31, 959.000000, 50.000000,
CH1112956201, 24.05.2023, 11:40, 958.000000, 3.000000,
CH1112956201, 23.05.2023, 16:31, 970.000000, 10.000000,
CH1112956201, 23.05.2023, 16:31, 957.000000, 40.000000,
CH1112956201, 25.05.2023, 10:56, 1000.000000, 15.000000,
CH1112956201, 26.05.2023, 09:48, 980.000000, 3.000000,
CH1112956201, 26.05.2023, 10:47, 1009.000000, 15.000000,
CH1112956201, 26.05.2023, 11:38, 980.000000, 1.000000,
CH1112956201, 26.05.2023, 10:47, 1010.000000, 5.000000,
CH1112956201, 26.05.2023, 11:38, 980.000000, 19.000000,
CH1112956201, 26.05.2023, 16:42, 980.000000, 15.000000,
CH1112956201, 31.05.2023, 09:51, 1010.000000, 16.000000,
CH1112956201, 01.06.2023, 08:30, 1100.000000, 1.000000,
CH1112956201, 01.06.2023, 08:48, 1100.000000, 4.000000,
CH1112956201, 01.06.2023, 10:15, 1100.000000, 11.000000,
CH1112956201, 01.06.2023, 14:22, 990.000000, 2.000000,
CH1112956201, 01.06.2023, 14:26, 1099.000000, 10.000000,
CH1112956201, 01.06.2023, 14:54, 1099.000000, 20.000000,
CH1112956201, 01.06.2023, 15:48, 1000.000000, 20.000000,
CH1112956201, 02.06.2023, 09:18, 990.000000, 15.000000,
CH1112956201, 31.05.2023, 15:58, 1010.000000, 30.000000,
CH1112956201, 05.06.2023, 11:52, 1000.000000, 10.000000,
CH1112956201, 05.06.2023, 15:26, 1000.000000, 20.000000,
CH1112956201, 06.06.2023, 14:33, 990.000000, 15.000000,
CH1112956201, 07.06.2023, 10:59, 970.000000, 10.000000,
CH1112956201, 05.06.2023, 15:26, 990.000000, 3.000000,
CH1112956201, 07.06.2023, 10:59, 990.000000, 5.000000,
CH1112956201, 09.06.2023, 10:05, 969.000000, 50.000000,
CH1112956201, 12.06.2023, 08:32, 969.000000, 50.000000,
CH1112956201, 13.06.2023, 09:52, 970.000000, 15.000000,
CH1112956201, 13.06.2023, 16:06, 982.000000, 15.000000,
CH1112956201, 14.06.2023, 08:30, 970.000000, 3.000000,
CH1112956201, 14.06.2023, 09:24, 970.000000, 12.000000,
CH1112956201, 14.06.2023, 09:24, 967.000000, 13.000000,
CH1112956201, 15.06.2023, 10:56, 980.000000, 5.000000,
CH1112956201, 16.06.2023, 15:28, 968.000000, 16.000000,
CH1112956201, 19.06.2023, 10:55, 967.000000, 5.000000,
CH1112956201, 16.06.2023, 15:28, 967.000000, 34.000000,
CH1112956201, 21.06.2023, 15:37, 967.000000, 17.000000,
CH1112956201, 22.06.2023, 10:04, 967.000000, 3.000000,
CH1112956201, 22.06.2023, 14:16, 980.000000, 5.000000,
CH1112956201, 22.06.2023, 14:34, 982.000000, 20.000000,
CH1112956201, 22.06.2023, 14:16, 982.000000, 20.000000,
CH1112956201, 26.06.2023, 14:25, 969.000000, 2.000000,
CH1112956201, 26.06.2023, 15:18, 982.000000, 10.000000,
CH1112956201, 26.06.2023, 16:13, 969.000000, 10.000000,
CH1112956201, 26.06.2023, 16:56, 982.000000, 5.000000,
CH1112956201, 27.06.2023, 16:23, 975.000000, 15.000000,
CH1112956201, 28.06.2023, 08:30, 982.000000, 20.000000,
CH1112956201, 29.06.2023, 09:26, 976.000000, 1.000000,
CH1112956201, 29.06.2023, 12:04, 982.000000, 15.000000,
CH1112956201, 29.06.2023, 14:54, 976.000000, 14.000000,
CH1112956201, 03.07.2023, 08:33, 969.000000, 2.000000,
CH1112956201, 03.07.2023, 09:32, 982.000000, 15.000000,
CH1112956201, 29.06.2023, 14:54, 969.000000, 6.000000,
CH1112956201, 03.07.2023, 08:33, 968.000000, 8.000000,
CH1112956201, 03.07.2023, 11:28, 982.000000, 20.000000,
CH1112956201, 04.07.2023, 11:10, 968.000000, 7.000000,
CH1112956201, 04.07.2023, 11:28, 967.000000, 15.000000,
CH1112956201, 04.07.2023, 12:11, 982.000000, 25.000000,
CH1112956201, 04.07.2023, 11:10, 967.000000, 3.000000,
CH1112956201, 06.07.2023, 13:51, 969.000000, 10.000000,
CH1112956201, 10.07.2023, 11:25, 968.000000, 5.000000,
CH1112956201, 11.07.2023, 09:32, 969.000000, 10.000000,
CH1112956201, 11.07.2023, 10:27, 969.000000, 5.000000,
CH1112956201, 11.07.2023, 10:56, 969.000000, 10.000000,
CH1112956201, 13.07.2023, 15:52, 975.000000, 10.000000,
CH1112956201, 14.07.2023, 08:30, 982.000000, 25.000000,
CH1112956201, 14.07.2023, 08:30, 984.000000, 50.000000,
CH1112956201, 17.07.2023, 09:34, 984.000000, 20.000000,
CH1112956201, 17.07.2023, 15:02, 984.000000, 15.000000,
CH1112956201, 18.07.2023, 10:18, 984.000000, 15.000000,
CH1112956201, 18.07.2023, 10:18, 986.000000, 5.000000,
CH1112956201, 20.07.2023, 10:29, 991.000000, 30.000000,
CH1112956201, 20.07.2023, 11:20, 978.000000, 15.000000,
CH1112956201, 19.07.2023, 08:30, 976.000000, 15.000000,
CH1112956201, 20.07.2023, 11:20, 976.000000, 70.000000,
CH1112956201, 20.07.2023, 12:52, 976.000000, 2.000000,
CH1112956201, 20.07.2023, 15:56, 976.000000, 13.000000,
CH1112956201, 20.07.2023, 15:56, 976.000000, 2.000000,
CH1112956201, 21.07.2023, 14:52, 991.000000, 15.000000,
CH1112956201, 24.07.2023, 08:33, 976.000000, 5.000000,
CH1112956201, 18.07.2023, 14:55, 991.000000, 15.000000,
CH1112956201, 25.07.2023, 09:53, 976.000000, 4.000000,
CH1112956201, 25.07.2023, 11:08, 976.000000, 20.000000,
CH1112956201, 25.07.2023, 16:08, 976.000000, 25.000000,
CH1112956201, 25.07.2023, 16:30, 976.000000, 4.000000,
CH1112956201, 26.07.2023, 10:48, 976.000000, 30.000000,
CH1112956201, 26.07.2023, 14:23, 974.000000, 5.000000,
CH1112956201, 18.07.2023, 15:01, 991.000000, 15.000000,
CH1112956201, 25.07.2023, 16:30, 976.000000, 15.000000,
CH1112956201, 27.07.2023, 15:36, 976.000000, 10.000000,
CH1112956201, 31.07.2023, 10:20, 976.000000, 16.000000,
CH1112956201, 02.08.2023, 10:00, 989.000000, 15.000000,
CH1112956201, 02.08.2023, 11:13, 976.000000, 3.000000,
CH1112956201, 02.08.2023, 14:56, 976.000000, 1.000000,
CH1112956201, 02.08.2023, 14:57, 989.000000, 5.000000,
CH1112956201, 04.08.2023, 15:30, 989.000000, 50.000000,
CH1112956201, 07.08.2023, 14:41, 980.000000, 15.000000,
CH1112956201, 07.08.2023, 14:41, 976.000000, 10.000000,
CH1112956201, 07.08.2023, 14:41, 974.000000, 5.000000,
CH1112956201, 07.08.2023, 14:41, 976.000000, 5.000000,
CH1112956201, 07.08.2023, 14:41, 975.000000, 15.000000,
CH1112956201, 14.08.2023, 13:58, 989.000000, 15.000000,
CH1112956201, 16.08.2023, 11:39, 974.000000, 50.000000,
CH1112956201, 16.08.2023, 13:26, 989.000000, 15.000000,
CH1112956201, 16.08.2023, 16:46, 989.000000, 10.000000,
CH1112956201, 17.08.2023, 08:30, 975.000000, 3.000000,
CH1112956201, 16.08.2023, 16:46, 991.000000, 5.000000,
CH1112956201, 18.08.2023, 10:39, 975.000000, 7.000000,
CH1112956201, 18.08.2023, 15:06, 989.000000, 35.000000,
CH1112956201, 21.08.2023, 08:30, 989.000000, 5.000000,
CH1112956201, 21.08.2023, 13:33, 989.000000, 15.000000,
CH1112956201, 21.08.2023, 15:11, 976.000000, 20.000000,
CH1112956201, 18.08.2023, 10:39, 974.000000, 3.000000,
CH1112956201, 21.08.2023, 13:33, 990.000000, 5.000000,
CH1112956201, 21.08.2023, 15:35, 990.000000, 15.000000,
CH1112956201, 22.08.2023, 11:19, 990.000000, 40.000000,
CH1112956201, 22.08.2023, 11:19, 991.000000, 20.000000,
CH1112956201, 23.08.2023, 09:20, 991.000000, 15.000000,
CH1112956201, 23.08.2023, 16:08, 991.000000, 15.000000,
CH1112956201, 24.08.2023, 14:27, 990.000000, 1.000000,
CH1112956201, 24.08.2023, 14:27, 977.000000, 15.000000,
CH1112956201, 24.08.2023, 14:27, 976.000000, 4.000000,
CH1112956201, 25.08.2023, 15:24, 977.000000, 10.000000,
CH1112956201, 25.08.2023, 16:54, 980.000000, 5.000000,
CH1112956201, 28.08.2023, 11:07, 977.000000, 60.000000,
CH1112956201, 28.08.2023, 14:38, 977.000000, 3.000000,
CH1112956201, 29.08.2023, 13:18, 977.000000, 1.000000,
CH1112956201, 29.08.2023, 16:22, 980.000000, 15.000000,
CH1112956201, 30.08.2023, 10:30, 977.000000, 66.000000,
CH1112956201, 30.08.2023, 14:52, 980.000000, 15.000000,
CH1112956201, 30.08.2023, 16:49, 980.000000, 1.000000,
CH1112956201, 30.08.2023, 10:30, 976.000000, 89.000000,
CH1112956201, 31.08.2023, 14:09, 976.000000, 5.000000,
CH1112956201, 01.09.2023, 14:27, 980.000000, 15.000000,
CH1112956201, 04.09.2023, 08:30, 980.000000, 1.000000,
CH1112956201, 04.09.2023, 12:06, 976.000000, 5.000000,
CH1112956201, 04.09.2023, 14:03, 976.000000, 10.000000,
CH1112956201, 05.09.2023, 09:09, 980.000000, 15.000000,
CH1112956201, 05.09.2023, 16:53, 976.000000, 17.000000,
CH1112956201, 06.09.2023, 11:11, 980.000000, 3.000000,
CH1112956201, 05.09.2023, 16:53, 974.000000, 9.000000,
CH1112956201, 06.09.2023, 11:11, 980.000000, 10.000000,
CH1112956201, 11.09.2023, 14:48, 980.000000, 2.000000,
CH1112956201, 11.09.2023, 14:48, 975.000000, 15.000000,
CH1112956201, 11.09.2023, 14:48, 974.000000, 13.000000,
CH1112956201, 12.09.2023, 10:09, 974.000000, 50.000000,
CH1112956201, 12.09.2023, 11:12, 989.000000, 20.000000,
CH1112956201, 13.09.2023, 08:30, 980.000000, 15.000000,
CH1112956201, 13.09.2023, 08:33, 980.000000, 55.000000,
CH1112956201, 14.09.2023, 15:22, 995.000000, 15.000000,
CH1112956201, 15.09.2023, 10:28, 980.000000, 5.000000,
CH1112956201, 15.09.2023, 10:47, 980.000000, 3.000000,
CH1112956201, 18.09.2023, 11:13, 980.000000, 9.000000,
CH1112956201, 18.09.2023, 11:13, 978.000000, 66.000000,
CH1112956201, 19.09.2023, 16:02, 978.000000, 15.000000,
CH1112956201, 21.09.2023, 15:15, 993.000000, 10.000000,
CH1112956201, 22.09.2023, 09:19, 993.000000, 15.000000,
CH1112956201, 22.09.2023, 10:02, 993.000000, 15.000000,
CH1112956201, 22.09.2023, 12:26, 993.000000, 15.000000,
CH1112956201, 25.09.2023, 13:46, 980.000000, 3.000000,
CH1112956201, 26.09.2023, 10:30, 979.000000, 15.000000,
CH1112956201, 26.09.2023, 15:32, 993.000000, 16.000000,
CH1112956201, 26.09.2023, 16:08, 993.000000, 10.000000,
CH1112956201, 26.09.2023, 10:30, 978.000000, 15.000000,
CH1112956201, 27.09.2023, 08:42, 993.000000, 15.000000,
CH1112956201, 27.09.2023, 11:45, 993.000000, 15.000000,
CH1112956201, 27.09.2023, 12:03, 980.000000, 10.000000,
CH1112956201, 02.10.2023, 08:30, 978.000000, 10.000000,
CH1112956201, 03.10.2023, 10:32, 978.000000, 38.000000,
CH1112956201, 03.10.2023, 10:32, 990.000000, 15.000000,
CH1112956201, 04.10.2023, 16:36, 993.000000, 15.000000,
CH1112956201, 03.10.2023, 10:32, 985.000000, 15.000000,
CH1112956201, 03.10.2023, 10:32, 980.000000, 2.000000,
CH1112956201, 06.10.2023, 10:24, 980.000000, 5.000000,
CH1112956201, 09.10.2023, 08:30, 993.000000, 1.000000,
CH1112956201, 09.10.2023, 08:30, 993.000000, 9.000000,
CH1112956201, 09.10.2023, 10:11, 993.000000, 30.000000,
CH1112956201, 09.10.2023, 15:06, 990.000000, 5.000000,
CH1112956201, 11.10.2023, 09:07, 990.000000, 10.000000,
CH1112956201, 11.10.2023, 11:38, 993.000000, 1.000000,
CH1112956201, 11.10.2023, 16:58, 980.000000, 5.000000,
CH1112956201, 11.10.2023, 16:58, 978.000000, 10.000000,
CH1112956201, 16.10.2023, 16:30, 978.000000, 4.000000,
CH1112956201, 17.10.2023, 12:53, 993.000000, 5.000000,
CH1112956201, 18.10.2023, 09:37, 993.000000, 10.000000,
CH1112956201, 18.10.2023, 13:02, 978.000000, 15.000000,
CH1112956201, 19.10.2023, 08:30, 981.000000, 5.000000,
CH1112956201, 19.10.2023, 09:56, 993.000000, 15.000000,
CH1112956201, 19.10.2023, 13:55, 978.000000, 20.000000,
CH1112956201, 20.10.2023, 08:55, 980.000000, 15.000000,
CH1112956201, 19.10.2023, 08:30, 978.000000, 10.000000,
CH1112956201, 23.10.2023, 08:32, 978.000000, 5.000000,
CH1112956201, 23.10.2023, 09:48, 980.000000, 10.000000,
CH1112956201, 23.10.2023, 11:32, 980.000000, 15.000000,
CH1112956201, 24.10.2023, 11:40, 978.000000, 25.000000,
CH1112956201, 24.10.2023, 11:39, 978.000000, 20.000000,
CH1112956201, 26.10.2023, 11:26, 978.000000, 35.000000,
CH1112956201, 26.10.2023, 14:03, 978.000000, 24.000000,
CH1112956201, 26.10.2023, 14:03, 976.000000, 51.000000,
CH1112956201, 27.10.2023, 14:17, 976.000000, 4.000000,
CH1112956201, 27.10.2023, 15:40, 980.000000, 1.000000,
CH1112956201, 27.10.2023, 16:01, 980.000000, 15.000000,
CH1112956201, 30.10.2023, 08:44, 976.000000, 15.000000,
CH1112956201, 30.10.2023, 10:25, 976.000000, 20.000000,
CH1112956201, 31.10.2023, 16:53, 991.000000, 15.000000,
CH1112956201, 03.11.2023, 15:27, 985.000000, 6.000000,
CH1112956201, 06.11.2023, 08:30, 976.000000, 8.000000,
CH1112956201, 06.11.2023, 15:38, 976.000000, 8.000000,
CH1112956201, 06.11.2023, 15:38, 976.000000, 7.000000,
CH1112956201, 07.11.2023, 10:55, 980.000000, 8.000000,
CH1112956201, 07.11.2023, 15:10, 980.000000, 2.000000,
CH1112956201, 06.11.2023, 08:30, 976.000000, 2.000000,
CH1112956201, 06.11.2023, 15:38, 974.000000, 19.000000,
CH1112956201, 07.11.2023, 15:10, 974.000000, 8.000000,
CH1112956201, 07.11.2023, 15:27, 989.000000, 15.000000,
CH1112956201, 08.11.2023, 08:30, 989.000000, 10.000000,
CH1112956201, 10.11.2023, 09:53, 975.000000, 15.000000,
CH1112956201, 10.11.2023, 10:51, 974.000000, 38.000000,
CH1112956201, 10.11.2023, 11:00, 974.000000, 23.000000,
CH1112956201, 10.11.2023, 09:53, 974.000000, 35.000000,
CH1112956201, 10.11.2023, 10:51, 974.000000, 2.000000,
CH1112956201, 10.11.2023, 11:00, 972.000000, 2.000000,
CH1112956201, 14.11.2023, 09:05, 987.000000, 3.000000,
CH1112956201, 14.11.2023, 16:45, 987.000000, 13.000000,
CH1112956201, 14.11.2023, 08:31, 987.000000, 30.000000,
CH1112956201, 15.11.2023, 11:49, 987.000000, 5.000000,
CH1112956201, 15.11.2023, 14:22, 987.000000, 15.000000,
CH1112956201, 15.11.2023, 15:48, 972.000000, 5.000000,
CH1112956201, 16.11.2023, 10:37, 972.000000, 25.000000,
CH1112956201, 16.11.2023, 13:02, 987.000000, 15.000000,
CH1112956201, 16.11.2023, 14:28, 987.000000, 2.000000,
CH1112956201, 17.11.2023, 08:30, 987.000000, 15.000000,
CH1112956201, 17.11.2023, 10:31, 987.000000, 2.000000,
CH1112956201, 20.11.2023, 08:30, 972.000000, 4.000000,
CH1112956201, 21.11.2023, 08:31, 985.000000, 15.000000,
CH1112956201, 17.11.2023, 10:31, 987.000000, 13.000000,
CH1112956201, 22.11.2023, 11:44, 987.000000, 15.000000,
CH1112956201, 22.11.2023, 16:29, 987.000000, 8.000000,
CH1112956201, 23.11.2023, 14:17, 980.000000, 4.000000,
CH1112956201, 22.11.2023, 16:29, 989.000000, 12.000000,
CH1112956201, 28.11.2023, 09:53, 985.000000, 15.000000,
CH1112956201, 28.11.2023, 09:53, 980.000000, 35.000000,
CH1112956201, 30.11.2023, 08:54, 980.000000, 60.000000,
CH1112956201, 30.11.2023, 16:43, 980.000000, 1.000000,
CH1112956201, 01.12.2023, 08:31, 978.000000, 10.000000,
CH1112956201, 01.12.2023, 15:27, 984.000000, 17.000000,
CH1112956201, 04.12.2023, 10:42, 985.000000, 15.000000,
CH1112956201, 30.11.2023, 16:43, 978.000000, 6.000000,
CH1112956201, 05.12.2023, 08:30, 984.000000, 1.000000,
CH1112956201, 05.12.2023, 11:58, 980.000000, 10.000000,
CH1112956201, 05.12.2023, 08:30, 978.000000, 24.000000,
CH1112956201, 06.12.2023, 14:00, 978.000000, 50.000000,
CH1112956201, 06.12.2023, 15:13, 979.000000, 8.000000,
CH1112956201, 07.12.2023, 10:09, 979.000000, 3.000000,
CH1112956201, 07.12.2023, 10:48, 979.000000, 9.000000,
CH1112956201, 07.12.2023, 11:19, 979.000000, 6.000000,
CH1112956201, 07.12.2023, 12:38, 980.000000, 5.000000,
CH1112956201, 07.12.2023, 11:19, 978.000000, 9.000000,
CH1112956201, 11.12.2023, 12:09, 985.000000, 15.000000,
CH1112956201, 12.12.2023, 08:30, 980.000000, 7.000000,
CH1112956201, 12.12.2023, 12:42, 985.000000, 3.000000,
CH1112956201, 12.12.2023, 12:42, 990.000000, 5.000000,
CH1112956201, 12.12.2023, 15:00, 980.000000, 3.000000,
CH1112956201, 12.12.2023, 15:00, 980.000000, 15.000000,
CH1112956201, 12.12.2023, 15:00, 978.000000, 1.000000,
CH1112956201, 12.12.2023, 15:00, 976.000000, 11.000000,
CH1112956201, 12.12.2023, 08:30, 985.000000, 2.000000,
CH1112956201, 12.12.2023, 12:42, 990.000000, 11.000000,
CH1112956201, 12.12.2023, 15:00, 979.000000, 10.000000,
CH1112956201, 12.12.2023, 12:42, 992.000000, 1.000000,
CH1112956201, 12.12.2023, 16:43, 976.000000, 10.000000,
CH1112956201, 13.12.2023, 09:07, 976.000000, 79.000000,
CH1112956201, 13.12.2023, 13:16, 974.000000, 10.000000,
CH1112956201, 13.12.2023, 16:01, 974.000000, 19.000000,
CH1112956201, 14.12.2023, 11:12, 970.000000, 10.000000,
CH1112956201, 14.12.2023, 13:01, 970.000000, 9.000000,
CH1112956201, 14.12.2023, 14:47, 983.000000, 15.000000,
CH1112956201, 14.12.2023, 15:15, 983.000000, 15.000000,
CH1112956201, 14.12.2023, 16:02, 983.000000, 35.000000,
CH1112956201, 13.12.2023, 09:07, 974.000000, 71.000000,
CH1112956201, 13.12.2023, 16:01, 972.000000, 100.000000,
CH1112956201, 13.12.2023, 16:01, 970.000000, 81.000000,
CH1112956201, 14.12.2023, 13:01, 968.000000, 16.000000,
CH1112956201, 15.12.2023, 08:30, 983.000000, 5.000000,
CH1112956201, 15.12.2023, 11:03, 968.000000, 5.000000,
CH1112956201, 15.12.2023, 11:42, 968.000000, 79.000000,
CH1112956201, 18.12.2023, 10:10, 983.000000, 15.000000,
CH1112956201, 18.12.2023, 10:17, 983.000000, 10.000000,
CH1112956201, 15.12.2023, 08:30, 983.000000, 5.000000,
CH1112956201, 15.12.2023, 11:42, 968.000000, 21.000000,
CH1112956201, 18.12.2023, 10:17, 983.000000, 5.000000,
CH1112956201, 19.12.2023, 08:31, 983.000000, 15.000000,
CH1112956201, 19.12.2023, 10:14, 983.000000, 15.000000,
CH1112956201, 19.12.2023, 15:55, 968.000000, 15.000000,
CH1112956201, 20.12.2023, 08:30, 968.000000, 12.000000,
CH1112956201, 20.12.2023, 08:30, 983.000000, 15.000000,
CH1112956201, 20.12.2023, 09:16, 983.000000, 15.000000,
CH1112956201, 22.12.2023, 08:31, 980.000000, 15.000000,
CH1112956201, 22.12.2023, 10:36, 968.000000, 70.000000,
CH1112956201, 22.12.2023, 10:39, 983.000000, 4.000000,
CH1112956201, 22.12.2023, 12:12, 968.000000, 5.000000,
CH1112956201, 22.12.2023, 13:28, 983.000000, 15.000000,
CH1112956201, 22.12.2023, 13:57, 983.000000, 15.000000,
CH1112956201, 22.12.2023, 14:15, 983.000000, 15.000000,
CH1112956201, 27.12.2023, 08:45, 983.000000, 5.000000,
CH1112956201, 27.12.2023, 10:24, 968.000000, 3.000000,
CH1112956201, 27.12.2023, 11:22, 968.000000, 20.000000,
CH1112956201, 03.01.2024, 08:32, 975.000000, 5.000000,
CH1112956201, 03.01.2024, 08:32, 968.000000, 3.000000,
CH1112956201, 03.01.2024, 08:36, 981.000000, 1.000000,
CH1112956201, 03.01.2024, 11:02, 966.000000, 41.000000,
CH1112956201, 03.01.2024, 15:02, 966.000000, 38.000000,
CH1112956201, 03.01.2024, 15:25, 980.000000, 19.000000,
CH1112956201, 03.01.2024, 08:32, 966.000000, 9.000000,
CH1112956201, 03.01.2024, 15:25, 981.000000, 11.000000,
CH1112956201, 05.01.2024, 11:33, 981.000000, 15.000000,
CH1112956201, 05.01.2024, 15:08, 981.000000, 70.000000,
CH1112956201, 05.01.2024, 15:19, 981.000000, 3.000000,
CH1112956201, 05.01.2024, 15:19, 981.000000, 27.000000,
CH1112956201, 08.01.2024, 11:35, 981.000000, 15.000000,
CH1112956201, 08.01.2024, 11:55, 981.000000, 10.000000,
CH1112956201, 08.01.2024, 14:40, 966.000000, 25.000000,
CH1112956201, 08.01.2024, 15:51, 981.000000, 2.000000,
CH1112956201, 09.01.2024, 14:28, 980.000000, 5.000000,
CH1112956201, 09.01.2024, 14:28, 981.000000, 10.000000,
CH1112956201, 09.01.2024, 15:53, 966.000000, 40.000000,
CH1112956201, 10.01.2024, 09:50, 970.000000, 7.000000,
CH1112956201, 10.01.2024, 10:42, 970.000000, 13.000000,
CH1112956201, 10.01.2024, 13:44, 981.000000, 30.000000,
CH1112956201, 10.01.2024, 14:04, 981.000000, 15.000000,
CH1112956201, 11.01.2024, 08:31, 975.000000, 1.000000,
CH1112956201, 11.01.2024, 13:13, 981.000000, 15.000000,
CH1112956201, 10.01.2024, 10:42, 981.000000, 7.000000,
CH1112956201, 10.01.2024, 11:20, 981.000000, 15.000000,
CH1112956201, 11.01.2024, 16:13, 981.000000, 7.000000,
CH1112956201, 11.01.2024, 16:13, 983.000000, 8.000000,
CH1112956201, 12.01.2024, 08:30, 976.000000, 15.000000,
CH1112956201, 12.01.2024, 09:47, 983.000000, 15.000000,
CH1112956201, 12.01.2024, 11:05, 975.000000, 14.000000,
CH1112956201, 12.01.2024, 16:19, 983.000000, 15.000000,
CH1112956201, 12.01.2024, 11:05, 970.000000, 1.000000,
CH1112956201, 15.01.2024, 08:32, 983.000000, 15.000000,
CH1112956201, 15.01.2024, 10:40, 970.000000, 15.000000,
CH1112956201, 17.01.2024, 08:31, 982.000000, 5.000000,
CH1112956201, 17.01.2024, 09:08, 983.000000, 20.000000,
CH1112956201, 17.01.2024, 13:46, 983.000000, 17.000000,
CH1112956201, 18.01.2024, 08:59, 983.000000, 7.000000,
CH1112956201, 17.01.2024, 08:31, 983.000000, 10.000000,
CH1112956201, 17.01.2024, 13:46, 983.000000, 3.000000,
CH1112956201, 18.01.2024, 08:59, 985.000000, 8.000000,
CH1112956201, 18.01.2024, 14:12, 970.000000, 4.000000,
CH1112956201, 18.01.2024, 16:04, 985.000000, 15.000000,
CH1112956201, 19.01.2024, 15:11, 970.000000, 14.000000,
CH1112956201, 18.01.2024, 14:12, 970.000000, 1.000000,
CH1112956201, 19.01.2024, 15:11, 970.000000, 11.000000,
CH1112956201, 22.01.2024, 12:52, 975.000000, 15.000000,
CH1112956201, 22.01.2024, 16:28, 975.000000, 5.000000,
CH1112956201, 22.01.2024, 16:28, 985.000000, 10.000000,
CH1112956201, 23.01.2024, 12:56, 985.000000, 15.000000,
CH1112956201, 23.01.2024, 16:13, 985.000000, 15.000000,
CH1112956201, 24.01.2024, 10:01, 985.000000, 15.000000,
CH1112956201, 25.01.2024, 08:46, 980.000000, 15.000000,
CH1112956201, 26.01.2024, 15:00, 980.000000, 5.000000,
CH1112956201, 29.01.2024, 08:30, 980.000000, 15.000000,
CH1112956201, 29.01.2024, 10:38, 980.000000, 15.000000,
CH1112956201, 29.01.2024, 12:35, 980.000000, 3.000000,
CH1112956201, 29.01.2024, 15:11, 975.000000, 6.000000,
CH1112956201, 29.01.2024, 15:11, 971.000000, 4.000000,
CH1112956201, 29.01.2024, 15:17, 980.000000, 4.000000,
CH1112956201, 26.01.2024, 15:00, 985.000000, 5.000000,
CH1112956201, 29.01.2024, 15:11, 970.000000, 45.000000,
CH1112956201, 30.01.2024, 09:07, 975.000000, 15.000000,
CH1112956201, 30.01.2024, 14:04, 970.000000, 13.000000,
CH1112956201, 31.01.2024, 09:03, 985.000000, 30.000000,
CH1112956201, 01.02.2024, 11:34, 985.000000, 5.000000,
CH1112956201, 01.02.2024, 13:58, 985.000000, 15.000000,
CH1112956201, 01.02.2024, 14:41, 970.000000, 2.000000,
CH1112956201, 02.02.2024, 10:40, 985.000000, 15.000000,
CH1112956201, 02.02.2024, 11:20, 985.000000, 20.000000,
CH1112956201, 07.02.2024, 11:48, 970.500000, 19.000000,
CH1112956201, 07.02.2024, 11:48, 970.000000, 30.000000,
CH1112956201, 07.02.2024, 11:48, 970.000000, 6.000000,
CH1112956201, 12.02.2024, 08:32, 975.000000, 10.000000,
CH1112956201, 12.02.2024, 08:32, 985.000000, 5.000000,
CH1112956201, 13.02.2024, 10:49, 980.000000, 15.000000,
CH1112956201, 14.02.2024, 09:09, 980.000000, 15.000000,
CH1112956201, 14.02.2024, 10:04, 985.000000, 4.000000,
CH1112956201, 14.02.2024, 09:09, 985.000000, 5.000000,
CH1112956201, 14.02.2024, 15:30, 970.000000, 3.000000,
CH1112956201, 15.02.2024, 10:51, 975.000000, 12.000000,
CH1112956201, 15.02.2024, 11:16, 980.000000, 15.000000,
CH1112956201, 19.02.2024, 12:55, 985.000000, 1.000000,
CH1112956201, 19.02.2024, 13:40, 970.000000, 2.000000,
CH1112956201, 20.02.2024, 09:12, 985.000000, 7.000000,
CH1112956201, 20.02.2024, 10:53, 985.000000, 20.000000,
CH1112956201, 20.02.2024, 11:34, 985.000000, 11.000000,
CH1112956201, 20.02.2024, 15:07, 985.000000, 2.000000,
CH1112956201, 20.02.2024, 15:07, 987.000000, 13.000000,
CH1112956201, 21.02.2024, 12:36, 987.000000, 10.000000,
CH1112956201, 20.02.2024, 09:12, 985.000000, 3.000000,
CH1112956201, 20.02.2024, 15:07, 985.000000, 5.000000,
CH1112956201, 22.02.2024, 08:30, 987.000000, 10.000000,
CH1112956201, 22.02.2024, 15:57, 987.000000, 20.000000,
CH1112956201, 23.02.2024, 11:02, 972.000000, 15.000000,
CH1112956201, 26.02.2024, 08:32, 972.000000, 15.000000,
CH1112956201, 26.02.2024, 11:42, 987.000000, 15.000000,
CH1112956201, 26.02.2024, 13:19, 987.000000, 32.000000,
CH1112956201, 26.02.2024, 13:19, 987.000000, 30.000000,
CH1112956201, 26.02.2024, 13:19, 989.000000, 43.000000,
CH1112956201, 27.02.2024, 10:54, 989.000000, 30.000000,
CH1112956201, 27.02.2024, 13:10, 980.000000, 4.000000,
CH1112956201, 27.02.2024, 14:19, 989.000000, 16.000000,
CH1112956201, 27.02.2024, 14:53, 989.000000, 11.000000,
CH1112956201, 27.02.2024, 14:56, 991.000000, 15.000000,
CH1112956201, 28.02.2024, 10:44, 991.000000, 80.000000,
CH1112956201, 28.02.2024, 11:11, 980.000000, 1.000000,
CH1112956201, 27.02.2024, 14:53, 991.000000, 4.000000,
CH1112956201, 28.02.2024, 11:11, 976.000000, 1.000000,
CH1112956201, 28.02.2024, 13:54, 991.000000, 1.000000,
CH1112956201, 28.02.2024, 13:54, 991.000000, 1.000000,
CH1112956201, 28.02.2024, 13:54, 992.000000, 8.000000,
CH1112956201, 29.02.2024, 10:29, 980.000000, 10.000000,
CH1112956201, 29.02.2024, 10:29, 978.000000, 35.000000,
CH1112956201, 01.03.2024, 16:10, 978.000000, 15.000000,
CH1112956201, 04.03.2024, 08:30, 980.000000, 15.000000,
CH1112956201, 05.03.2024, 10:05, 993.000000, 30.000000,
CH1112956201, 05.03.2024, 11:45, 978.000000, 50.000000,
CH1112956201, 07.03.2024, 13:27, 980.000000, 15.000000,
CH1112956201, 07.03.2024, 13:27, 978.000000, 15.000000,
CH1112956201, 07.03.2024, 14:42, 990.000000, 8.000000,
CH1112956201, 07.03.2024, 14:42, 993.000000, 12.000000,
CH1112956201, 08.03.2024, 11:31, 978.000000, 15.000000,
CH1112956201, 08.03.2024, 11:31, 978.000000, 12.000000,
CH1112956201, 08.03.2024, 11:31, 976.000000, 63.000000,
CH1112956201, 08.03.2024, 12:57, 976.000000, 15.000000,
CH1112956201, 11.03.2024, 10:08, 980.000000, 15.000000,
CH1112956201, 11.03.2024, 16:06, 977.000000, 3.000000,
CH1112956201, 12.03.2024, 15:19, 991.000000, 15.000000,
CH1112956201, 13.03.2024, 11:26, 977.000000, 15.000000,
CH1112956201, 13.03.2024, 14:17, 991.000000, 15.000000,
CH1112956201, 13.03.2024, 14:59, 991.000000, 30.000000,
CH1112956201, 14.03.2024, 09:41, 991.000000, 15.000000,
CH1112956201, 14.03.2024, 11:25, 991.000000, 15.000000,
CH1112956201, 14.03.2024, 11:54, 991.000000, 10.000000,
CH1112956201, 15.03.2024, 08:32, 991.000000, 5.000000,
CH1112956201, 19.03.2024, 10:48, 1000.000000, 1.000000,
CH1112956201, 19.03.2024, 15:22, 993.000000, 15.000000,
CH1112956201, 19.03.2024, 15:34, 1000.000000, 9.000000,
CH1112956201, 20.03.2024, 09:07, 993.000000, 4.000000,
CH1112956201, 19.03.2024, 15:22, 993.000000, 5.000000,
CH1112956201, 20.03.2024, 09:07, 1000.000000, 6.000000,
CH1112956201, 25.03.2024, 13:59, 1000.000000, 15.000000,
CH1112956201, 25.03.2024, 15:50, 1000.000000, 1.000000,
CH1112956201, 26.03.2024, 11:27, 995.000000, 5.000000,
CH1112956201, 26.03.2024, 14:25, 997.000000, 18.000000,
CH1112956201, 26.03.2024, 14:36, 996.000000, 3.000000,
CH1112956201, 26.03.2024, 14:36, 993.000000, 6.000000,
CH1112956201, 27.03.2024, 09:43, 992.000000, 15.000000,
CH1112956201, 27.03.2024, 09:48, 992.000000, 15.000000,
CH1112956201, 26.03.2024, 14:25, 996.000000, 12.000000,
CH1112956201, 26.03.2024, 14:36, 995.000000, 8.000000,
CH1112956201, 26.03.2024, 14:36, 992.000000, 8.000000,
CH1112956201, 27.03.2024, 09:48, 992.000000, 14.000000,
CH1112956201, 27.03.2024, 09:55, 992.000000, 48.000000,
CH1112956201, 27.03.2024, 09:55, 990.000000, 15.000000,
CH1112956201, 27.03.2024, 11:07, 990.000000, 5.000000,
CH1112956201, 27.03.2024, 11:38, 990.000000, 10.000000,
CH1112956201, 28.03.2024, 08:43, 990.000000, 20.000000,
CH1112956201, 28.03.2024, 08:44, 988.000000, 5.000000,
CH1112956201, 27.03.2024, 09:55, 990.000000, 100.000000,
CH1112956201, 28.03.2024, 10:50, 990.000000, 2.000000,
CH1112956201, 28.03.2024, 10:50, 1000.000000, 8.000000,
CH1112956201, 02.04.2024, 10:30, 990.000000, 2.000000,
CH1112956201, 02.04.2024, 10:30, 988.000000, 3.000000,
CH1112956201, 03.04.2024, 12:10, 988.000000, 5.000000,
CH1112956201, 04.04.2024, 11:49, 1005.000000, 10.000000,
CH1112956201, 04.04.2024, 11:49, 1010.000000, 5.000000,
CH1112956201, 05.04.2024, 10:33, 1000.000000, 15.000000,
CH1112956201, 05.04.2024, 10:58, 1000.000000, 14.000000,
CH1112956201, 05.04.2024, 14:29, 988.000000, 5.000000,
CH1112956201, 08.04.2024, 09:28, 1000.000000, 1.000000,
CH1112956201, 08.04.2024, 09:28, 1000.000000, 5.000000,
CH1112956201, 09.04.2024, 09:28, 1000.000000, 4.000000,
CH1112956201, 09.04.2024, 11:56, 989.000000, 10.000000,
CH1112956201, 09.04.2024, 14:49, 1000.000000, 10.000000,
CH1112956201, 15.04.2024, 13:17, 1000.000000, 15.000000,
CH1112956201, 18.04.2024, 09:55, 1000.000000, 4.000000,
CH1112956201, 18.04.2024, 16:57, 1000.000000, 16.000000,
CH1112956201, 18.04.2024, 16:57, 989.000000, 9.000000,
CH1112956201, 22.04.2024, 09:22, 1000.000000, 10.000000,
CH1112956201, 22.04.2024, 16:14, 1015.000000, 10.000000,
CH1112956201, 23.04.2024, 16:44, 1020.000000, 20.000000,
CH1112956201, 22.04.2024, 16:14, 1018.000000, 5.000000,
CH1112956201, 24.04.2024, 16:45, 1001.000000, 20.000000,
CH1112956201, 26.04.2024, 16:01, 1019.000000, 5.000000,
CH1112956201, 26.04.2024, 16:01, 1020.000000, 20.000000,
CH1112956201, 29.04.2024, 14:15, 1001.000000, 12.000000,
CH1112956201, 29.04.2024, 14:42, 1020.000000, 15.000000,
CH1112956201, 30.04.2024, 11:18, 1020.000000, 15.000000,
CH1112956201, 30.04.2024, 14:04, 1020.000000, 15.000000,
CH1112956201, 02.05.2024, 08:30, 1025.000000, 15.000000,
CH1112956201, 02.05.2024, 08:30, 1002.000000, 2.000000,
CH1112956201, 02.05.2024, 13:18, 1002.000000, 5.000000,
CH1112956201, 02.05.2024, 15:26, 1024.000000, 15.000000,
CH1112956201, 06.05.2024, 12:24, 1024.000000, 12.000000,
CH1112956201, 06.05.2024, 12:24, 1025.000000, 5.000000,
CH1112956201, 06.05.2024, 13:35, 1002.000000, 8.000000,
CH1112956201, 06.05.2024, 13:35, 1001.000000, 3.000000,
CH1112956201, 06.05.2024, 13:35, 1000.000000, 5.000000,
CH1112956201, 06.05.2024, 14:49, 1000.000000, 10.000000,
CH1112956201, 06.05.2024, 16:52, 1000.000000, 6.000000,
CH1112956201, 06.05.2024, 12:24, 1025.000000, 8.000000,
CH1112956201, 06.05.2024, 13:35, 1000.000000, 100.000000,
CH1112956201, 06.05.2024, 13:35, 1000.000000, 15.000000,
CH1112956201, 07.05.2024, 10:14, 1000.000000, 2.000000,
CH1112956201, 07.05.2024, 13:17, 1000.000000, 1.000000,
CH1112956201, 08.05.2024, 10:38, 1025.000000, 12.000000,
CH1112956201, 08.05.2024, 15:22, 1025.000000, 20.000000,
CH1112956201, 10.05.2024, 08:30, 1025.000000, 15.000000,
CH1112956201, 10.05.2024, 09:34, 1030.000000, 20.000000,
CH1112956201, 10.05.2024, 11:24, 1030.000000, 20.000000,
CH1112956201, 10.05.2024, 11:57, 1030.000000, 8.000000,
CH1112956201, 13.05.2024, 10:34, 1045.000000, 15.000000,
CH1112956201, 13.05.2024, 14:05, 1044.000000, 15.000000,
CH1112956201, 15.05.2024, 11:33, 1030.000000, 7.000000,
CH1112956201, 15.05.2024, 11:33, 1025.000000, 38.000000,
CH1112956201, 15.05.2024, 15:51, 1025.000000, 15.000000,
CH1112956201, 15.05.2024, 11:33, 1030.000000, 5.000000,
CH1112956201, 17.05.2024, 11:11, 1044.000000, 2.000000,
CH1112956201, 21.05.2024, 16:37, 1044.000000, 15.000000,
CH1112956201, 22.05.2024, 10:07, 1044.000000, 20.000000,
CH1112956201, 22.05.2024, 15:32, 1044.000000, 8.000000,
CH1112956201, 22.05.2024, 15:32, 1045.000000, 7.000000,
CH1112956201, 24.05.2024, 16:53, 1030.000000, 10.000000,
CH1112956201, 24.05.2024, 16:53, 1024.000000, 50.000000,
CH1112956201, 28.05.2024, 09:11, 1004.000000, 30.000000,
CH1112956201, 28.05.2024, 12:32, 1050.000000, 10.000000,
CH1112956201, 28.05.2024, 14:25, 1005.000000, 10.000000,
CH1112956201, 28.05.2024, 14:25, 1004.000000, 20.000000,
CH1112956201, 28.05.2024, 14:25, 1004.000000, 10.000000,
CH1112956201, 29.05.2024, 15:52, 1011.000000, 1.000000,
CH1112956201, 28.05.2024, 14:25, 1002.000000, 10.000000,
CH1112956201, 29.05.2024, 15:52, 1010.000000, 14.000000,
CH1112956201, 30.05.2024, 08:30, 1010.000000, 2.000000,
CH1112956201, 03.06.2024, 08:30, 1045.000000, 10.000000,
CH1112956201, 03.06.2024, 08:30, 1050.000000, 5.000000,
CH1112956201, 03.06.2024, 08:30, 1050.000000, 4.000000,
CH1112956201, 03.06.2024, 10:21, 1006.000000, 15.000000,
CH1112956201, 30.05.2024, 08:30, 1005.000000, 3.000000,
CH1112956201, 03.06.2024, 10:21, 1006.000000, 10.000000,
CH1112956201, 03.06.2024, 10:21, 1005.000000, 5.000000,
CH1112956201, 03.06.2024, 10:49, 1050.000000, 9.000000,
CH1112956201, 03.06.2024, 11:16, 1040.000000, 20.000000,
CH1112956201, 03.06.2024, 12:58, 1040.000000, 28.000000,
CH1112956201, 03.06.2024, 15:39, 1074.000000, 5.000000,
CH1112956201, 04.06.2024, 08:49, 1080.000000, 15.000000,
CH1112956201, 04.06.2024, 09:44, 1011.000000, 10.000000,
CH1112956201, 04.06.2024, 11:09, 1080.000000, 10.000000,
CH1112956201, 03.06.2024, 10:49, 1070.000000, 5.000000,
CH1112956201, 03.06.2024, 12:58, 1010.000000, 2.000000,
CH1112956201, 03.06.2024, 15:39, 1075.000000, 14.000000,
CH1112956201, 03.06.2024, 10:49, 1075.000000, 1.000000,
CH1112956201, 03.06.2024, 15:39, 1079.000000, 20.000000,
CH1112956201, 05.06.2024, 10:12, 1020.000000, 5.000000,
CH1112956201, 05.06.2024, 13:46, 1090.000000, 10.000000,
CH1112956201, 06.06.2024, 08:32, 1020.000000, 2.000000,
CH1112956201, 06.06.2024, 08:32, 1020.000000, 8.000000,
CH1112956201, 06.06.2024, 14:20, 1085.000000, 15.000000,
CH1112956201, 03.06.2024, 15:39, 1079.000000, 11.000000,
CH1112956201, 06.06.2024, 08:32, 1020.000000, 2.000000,
CH1112956201, 07.06.2024, 08:30, 1060.000000, 10.000000,
CH1112956201, 07.06.2024, 09:42, 1060.000000, 20.000000,
CH1112956201, 07.06.2024, 11:33, 1060.000000, 15.000000,
CH1112956201, 07.06.2024, 13:35, 1060.000000, 10.000000,
CH1112956201, 07.06.2024, 13:51, 1025.000000, 15.000000,
CH1112956201, 07.06.2024, 16:36, 1058.000000, 10.000000,
CH1112956201, 10.06.2024, 09:27, 1050.000000, 10.000000,
CH1112956201, 07.06.2024, 13:51, 1021.000000, 10.000000,
CH1112956201, 07.06.2024, 13:51, 1020.000000, 5.000000,
CH1112956201, 10.06.2024, 11:49, 1050.000000, 5.000000,
CH1112956201, 10.06.2024, 11:49, 1012.000000, 6.000000,
CH1112956201, 10.06.2024, 11:49, 1021.000000, 10.000000,
CH1112956201, 10.06.2024, 11:49, 1020.000000, 9.000000,
CH1112956201, 12.06.2024, 11:12, 1034.000000, 15.000000,
CH1112956201, 12.06.2024, 13:28, 1021.000000, 10.000000,
CH1112956201, 12.06.2024, 13:30, 1021.000000, 9.000000,
CH1112956201, 12.06.2024, 13:32, 1020.000000, 14.000000,
CH1112956201, 12.06.2024, 14:58, 1019.000000, 6.000000,
CH1112956201, 12.06.2024, 13:30, 1020.000000, 1.000000,
CH1112956201, 12.06.2024, 13:32, 1019.000000, 6.000000,
CH1112956201, 13.06.2024, 11:01, 1030.000000, 15.000000,
CH1112956201, 14.06.2024, 08:36, 1034.000000, 1.000000,
CH1112956201, 14.06.2024, 14:28, 1034.000000, 14.000000,
CH1112956201, 14.06.2024, 14:52, 1020.000000, 15.000000,
CH1112956201, 13.06.2024, 11:01, 1019.000000, 20.000000,
CH1112956201, 14.06.2024, 14:52, 1019.000000, 15.000000,
CH1112956201, 17.06.2024, 08:30, 1019.000000, 50.000000,
CH1112956201, 17.06.2024, 10:54, 1034.000000, 30.000000,
CH1112956201, 17.06.2024, 10:57, 1019.000000, 3.000000,
CH1112956201, 17.06.2024, 14:26, 1034.000000, 30.000000,
CH1112956201, 17.06.2024, 10:57, 1019.000000, 2.000000,
CH1112956201, 18.06.2024, 10:41, 1034.000000, 10.000000,
CH1112956201, 18.06.2024, 10:41, 1036.000000, 5.000000,
CH1112956201, 19.06.2024, 12:15, 1034.000000, 3.000000,
CH1112956201, 21.06.2024, 09:57, 1025.000000, 10.000000,
CH1112956201, 21.06.2024, 14:22, 1034.000000, 2.000000,
CH1112956201, 25.06.2024, 09:57, 1025.000000, 5.000000,
CH1112956201, 25.06.2024, 12:04, 1025.000000, 15.000000,
CH1112956201, 25.06.2024, 14:34, 1025.000000, 10.000000,
CH1112956201, 25.06.2024, 09:57, 1020.000000, 10.000000,
CH1112956201, 27.06.2024, 08:30, 1034.000000, 20.000000,
CH1112956201, 27.06.2024, 10:50, 1025.000000, 15.000000,
CH1112956201, 27.06.2024, 10:50, 1020.000000, 5.000000,
CH1112956201, 27.06.2024, 16:52, 1034.000000, 30.000000,
CH1112956201, 28.06.2024, 13:48, 1020.000000, 15.000000,
CH1112956201, 01.07.2024, 10:15, 1019.000000, 15.000000,
CH1112956201, 01.07.2024, 11:27, 1019.000000, 85.000000,
CH1112956201, 01.07.2024, 16:23, 1019.000000, 10.000000,
CH1112956201, 01.07.2024, 11:27, 1019.000000, 15.000000,
CH1112956201, 03.07.2024, 09:30, 1019.000000, 25.000000,
CH1112956201, 04.07.2024, 10:12, 1033.000000, 5.000000,
CH1112956201, 04.07.2024, 12:42, 1034.000000, 30.000000,
CH1112956201, 04.07.2024, 10:12, 1034.000000, 10.000000,
CH1112956201, 04.07.2024, 15:01, 1034.000000, 5.000000,
CH1112956201, 04.07.2024, 15:11, 1034.000000, 55.000000,
CH1112956201, 05.07.2024, 09:32, 1034.000000, 1.000000,
CH1112956201, 05.07.2024, 11:19, 1034.000000, 15.000000,
CH1112956201, 05.07.2024, 12:41, 1034.000000, 16.000000,
CH1112956201, 05.07.2024, 16:30, 1034.000000, 16.000000,
CH1112956201, 04.07.2024, 15:11, 1034.000000, 39.000000,
CH1112956201, 08.07.2024, 10:24, 1020.000000, 10.000000,
CH1112956201, 09.07.2024, 08:31, 1034.000000, 5.000000,
CH1112956201, 09.07.2024, 11:27, 1036.000000, 16.000000,
CH1112956201, 09.07.2024, 08:31, 1036.000000, 15.000000,
CH1112956201, 10.07.2024, 09:08, 1036.000000, 15.000000,
CH1112956201, 10.07.2024, 11:33, 1036.000000, 15.000000,
CH1112956201, 10.07.2024, 13:43, 1030.000000, 5.000000,
CH1112956201, 10.07.2024, 14:00, 1030.000000, 10.000000,
CH1112956201, 10.07.2024, 14:00, 1021.000000, 5.000000,
CH1112956201, 10.07.2024, 16:10, 1036.000000, 11.000000,
CH1112956201, 10.07.2024, 16:44, 1036.000000, 5.000000,
CH1112956201, 11.07.2024, 08:30, 1021.000000, 15.000000,
CH1112956201, 11.07.2024, 13:26, 1021.000000, 3.000000,
CH1112956201, 11.07.2024, 13:45, 1036.000000, 20.000000,
CH1112956201, 15.07.2024, 10:17, 1036.000000, 15.000000,
CH1112956201, 15.07.2024, 10:48, 1036.000000, 11.000000,
CH1112956201, 15.07.2024, 11:41, 1038.000000, 10.000000,
CH1112956201, 15.07.2024, 16:13, 1038.000000, 15.000000,
CH1112956201, 15.07.2024, 10:48, 1038.000000, 4.000000,
CH1112956201, 16.07.2024, 16:30, 1023.000000, 15.000000,
CH1112956201, 17.07.2024, 11:00, 1038.000000, 2.000000,
CH1112956201, 17.07.2024, 13:09, 1023.000000, 35.000000,
CH1112956201, 18.07.2024, 12:20, 1038.000000, 15.000000,
CH1112956201, 18.07.2024, 14:58, 1023.000000, 10.000000,
CH1112956201, 19.07.2024, 12:25, 1038.000000, 15.000000,
CH1112956201, 19.07.2024, 15:34, 1024.000000, 23.000000,
CH1112956201, 19.07.2024, 15:34, 1024.000000, 1.000000,
CH1112956201, 19.07.2024, 15:34, 1023.000000, 16.000000,
CH1112956201, 22.07.2024, 09:40, 1038.000000, 5.000000,
CH1112956201, 22.07.2024, 10:48, 1038.000000, 5.000000,
CH1112956201, 22.07.2024, 13:59, 1038.000000, 29.000000,
CH1112956201, 22.07.2024, 13:59, 1038.000000, 1.000000,
CH1112956201, 23.07.2024, 14:06, 1039.000000, 2.000000,
CH1112956201, 23.07.2024, 14:06, 1040.000000, 1.000000,
CH1112956201, 25.07.2024, 16:45, 1040.000000, 15.000000,
CH1112956201, 26.07.2024, 08:30, 1029.000000, 5.000000,
CH1112956201, 26.07.2024, 13:17, 1040.000000, 15.000000,
CH1112956201, 29.07.2024, 14:22, 1040.000000, 14.000000,
CH1112956201, 29.07.2024, 14:22, 1044.000000, 1.000000,
CH1112956201, 30.07.2024, 14:25, 1040.000000, 2.000000,
CH1112956201, 31.07.2024, 08:53, 1044.000000, 16.000000,
CH1112956201, 30.07.2024, 14:25, 1044.000000, 4.000000,
CH1112956201, 02.08.2024, 14:41, 1029.000000, 10.000000,
CH1112956201, 05.08.2024, 13:00, 1044.000000, 5.000000,
CH1112956201, 05.08.2024, 16:34, 1029.000000, 80.000000,
CH1112956201, 06.08.2024, 08:30, 1044.000000, 15.000000,
CH1112956201, 06.08.2024, 08:44, 1044.000000, 50.000000,
CH1112956201, 06.08.2024, 13:18, 1044.000000, 3.000000,
CH1112956201, 06.08.2024, 15:54, 1029.000000, 39.000000,
CH1112956201, 07.08.2024, 08:30, 1044.000000, 1.000000,
CH1112956201, 06.08.2024, 15:54, 1029.000000, 5.000000,
CH1112956201, 07.08.2024, 08:30, 1044.000000, 1.000000,
CH1112956201, 06.08.2024, 15:54, 1029.000000, 26.000000,
CH1112956201, 07.08.2024, 08:30, 1044.000000, 15.000000,
CH1112956201, 07.08.2024, 13:23, 1040.000000, 5.000000,
CH1112956201, 07.08.2024, 14:56, 1029.000000, 5.000000,
CH1112956201, 08.08.2024, 10:57, 1040.000000, 3.000000,
CH1112956201, 08.08.2024, 12:04, 1044.000000, 15.000000,
CH1112956201, 12.08.2024, 14:29, 1044.000000, 20.000000,
CH1112956201, 13.08.2024, 11:37, 1044.000000, 15.000000,
CH1112956201, 13.08.2024, 11:52, 1040.000000, 12.000000,
CH1112956201, 13.08.2024, 14:34, 1040.000000, 3.000000,
CH1112956201, 13.08.2024, 14:34, 1044.000000, 12.000000,
CH1112956201, 14.08.2024, 13:19, 1044.000000, 10.000000,
CH1112956201, 14.08.2024, 15:26, 1044.000000, 11.000000,
CH1112956201, 16.08.2024, 08:30, 1030.000000, 10.000000,
CH1112956201, 14.08.2024, 15:26, 1044.000000, 4.000000,
CH1112956201, 16.08.2024, 13:55, 1044.000000, 15.000000,
CH1112956201, 16.08.2024, 16:54, 1030.000000, 5.000000,
CH1112956201, 20.08.2024, 08:59, 1030.000000, 10.000000,
CH1112956201, 20.08.2024, 08:30, 1044.000000, 2.000000,
CH1112956201, 20.08.2024, 15:16, 1029.000000, 8.000000,
CH1112956201, 20.08.2024, 16:31, 1044.000000, 15.000000,
CH1112956201, 22.08.2024, 13:10, 1029.000000, 10.000000,
CH1112956201, 22.08.2024, 13:59, 1029.000000, 30.000000,
CH1112956201, 22.08.2024, 15:08, 1029.000000, 6.000000,
CH1112956201, 22.08.2024, 15:10, 1029.000000, 4.000000,
CH1112956201, 23.08.2024, 11:50, 1044.000000, 10.000000,
CH1112956201, 23.08.2024, 14:58, 1029.000000, 15.000000,
CH1112956201, 23.08.2024, 16:38, 1044.000000, 15.000000,
CH1112956201, 26.08.2024, 14:19, 1029.000000, 55.000000,
CH1112956201, 28.08.2024, 11:18, 1044.000000, 15.000000,
CH1112956201, 28.08.2024, 13:18, 1044.000000, 5.000000,
CH1112956201, 29.08.2024, 10:41, 1044.000000, 15.000000,
CH1112956201, 30.08.2024, 11:36, 1044.000000, 8.000000,
CH1112956201, 30.08.2024, 11:36, 1044.000000, 7.000000,
CH1112956201, 02.09.2024, 14:17, 1044.000000, 1.000000,
CH1112956201, 02.09.2024, 14:32, 1044.000000, 2.000000,
CH1112956201, 02.09.2024, 16:49, 1044.000000, 15.000000,
CH1112956201, 04.09.2024, 08:30, 1044.000000, 20.000000,
CH1112956201, 04.09.2024, 14:43, 1044.000000, 25.000000,
CH1112956201, 04.09.2024, 15:32, 1046.000000, 5.000000,
CH1112956201, 05.09.2024, 09:17, 1046.000000, 15.000000,
CH1112956201, 05.09.2024, 11:59, 1046.000000, 50.000000,
CH1112956201, 05.09.2024, 16:00, 1040.000000, 1.000000,
CH1112956201, 06.09.2024, 08:30, 1040.000000, 14.000000,
CH1112956201, 06.09.2024, 09:05, 1046.000000, 5.000000,
CH1112956201, 09.09.2024, 08:30, 1046.000000, 6.000000,
CH1112956201, 04.09.2024, 14:43, 1046.000000, 25.000000,
CH1112956201, 06.09.2024, 08:30, 1031.000000, 16.000000,
CH1112956201, 06.09.2024, 09:05, 1046.000000, 10.000000,
CH1112956201, 09.09.2024, 10:05, 1046.000000, 9.000000,
CH1112956201, 09.09.2024, 13:57, 1042.000000, 15.000000,
CH1112956201, 09.09.2024, 14:59, 1042.000000, 15.000000,
CH1112956201, 09.09.2024, 15:13, 1031.000000, 20.000000,
CH1112956201, 10.09.2024, 08:31, 1031.000000, 39.000000,
CH1112956201, 10.09.2024, 08:31, 1030.000000, 15.000000,
CH1112956201, 10.09.2024, 08:31, 1027.000000, 86.000000,
CH1112956201, 10.09.2024, 15:22, 1042.000000, 15.000000,
CH1112956201, 09.09.2024, 10:05, 1033.000000, 100.000000,
CH1112956201, 10.09.2024, 08:31, 1030.000000, 10.000000,
CH1112956201, 09.09.2024, 10:05, 1031.000000, 41.000000,
CH1112956201, 10.09.2024, 08:31, 1029.000000, 100.000000,
CH1112956201, 11.09.2024, 10:28, 1042.000000, 20.000000,
CH1112956201, 11.09.2024, 11:32, 1040.000000, 15.000000,
CH1112956201, 11.09.2024, 11:34, 1040.000000, 15.000000,
CH1112956201, 12.09.2024, 08:30, 1027.000000, 14.000000,
CH1112956201, 12.09.2024, 08:30, 1027.000000, 6.000000,
CH1112956201, 12.09.2024, 08:30, 1027.000000, 3.000000,
CH1112956201, 12.09.2024, 10:33, 1039.000000, 30.000000,
CH1112956201, 12.09.2024, 16:37, 1034.000000, 15.000000,
CH1112956201, 13.09.2024, 10:41, 1034.000000, 15.000000,
CH1112956201, 13.09.2024, 10:46, 1034.000000, 2.000000,
CH1112956201, 16.09.2024, 09:19, 1028.000000, 16.000000,
CH1112956201, 16.09.2024, 10:37, 1027.000000, 22.000000,
CH1112956201, 16.09.2024, 10:58, 1025.000000, 20.000000,
CH1112956201, 16.09.2024, 11:09, 1034.000000, 15.000000,
CH1112956201, 16.09.2024, 09:19, 1027.000000, 4.000000,
CH1112956201, 16.09.2024, 10:37, 1025.000000, 48.000000,
CH1112956201, 17.09.2024, 08:44, 1025.000000, 15.000000,
CH1112956201, 17.09.2024, 10:53, 1030.000000, 5.000000,
CH1112956201, 17.09.2024, 15:41, 1025.000000, 15.000000,
CH1112956201, 18.09.2024, 10:39, 1030.000000, 3.000000,
CH1112956201, 18.09.2024, 14:50, 1034.000000, 10.000000,
CH1112956201, 19.09.2024, 12:51, 1034.000000, 15.000000,
CH1112956201, 18.09.2024, 11:35, 1030.000000, 7.000000,
CH1112956201, 19.09.2024, 16:15, 1034.000000, 15.000000,
CH1112956201, 20.09.2024, 14:44, 1034.000000, 15.000000,
CH1112956201, 20.09.2024, 15:49, 1032.000000, 15.000000,
CH1112956201, 20.09.2024, 08:33, 1034.000000, 15.000000,
CH1112956201, 20.09.2024, 15:49, 1030.000000, 3.000000,
CH1112956201, 23.09.2024, 14:39, 1030.000000, 5.000000,
CH1112956201, 23.09.2024, 14:39, 1025.000000, 2.000000,
CH1112956201, 23.09.2024, 14:39, 1023.000000, 8.000000,
CH1112956201, 24.09.2024, 10:50, 1023.000000, 15.000000,
CH1112956201, 25.09.2024, 10:13, 1025.000000, 10.000000,
CH1112956201, 25.09.2024, 12:01, 1025.000000, 5.000000,
CH1112956201, 25.09.2024, 12:01, 1023.000000, 45.000000,
CH1112956201, 25.09.2024, 15:22, 1034.000000, 3.000000,
CH1112956201, 25.09.2024, 15:22, 1034.000000, 1.000000,
CH1112956201, 25.09.2024, 15:22, 1023.000000, 3.000000,
CH1112956201, 27.09.2024, 08:30, 1025.000000, 10.000000,
CH1112956201, 27.09.2024, 15:41, 1030.000000, 15.000000,
CH1112956201, 27.09.2024, 15:49, 1030.000000, 5.000000,
CH1112956201, 27.09.2024, 15:49, 1034.000000, 10.000000,
CH1112956201, 30.09.2024, 08:30, 1025.000000, 5.000000,
CH1112956201, 30.09.2024, 10:33, 1025.000000, 5.000000,
CH1112956201, 01.10.2024, 09:21, 1021.000000, 15.000000,
CH1112956201, 30.09.2024, 08:30, 1025.000000, 10.000000,
CH1112956201, 30.09.2024, 10:33, 1023.000000, 29.000000,
CH1112956201, 30.09.2024, 10:33, 1021.000000, 11.000000,
CH1112956201, 01.10.2024, 12:07, 1021.000000, 20.000000,
CH1112956201, 02.10.2024, 12:50, 1034.000000, 5.000000,
CH1112956201, 02.10.2024, 09:13, 1034.000000, 15.000000,
CH1112956201, 03.10.2024, 09:06, 1034.000000, 15.000000,
CH1112956201, 03.10.2024, 11:29, 1034.000000, 15.000000,
CH1112956201, 03.10.2024, 14:22, 1021.000000, 5.000000,
CH1112956201, 04.10.2024, 14:08, 1034.000000, 15.000000,
CH1112956201, 04.10.2024, 10:33, 1021.000000, 4.000000,
CH1112956201, 08.10.2024, 09:52, 1030.000000, 15.000000,
CH1112956201, 08.10.2024, 09:52, 1025.000000, 15.000000,
CH1112956201, 08.10.2024, 11:09, 1034.000000, 25.000000,
CH1112956201, 08.10.2024, 14:16, 1034.000000, 10.000000,
CH1112956201, 09.10.2024, 10:03, 1034.000000, 10.000000,
CH1112956201, 10.10.2024, 11:26, 1021.000000, 4.000000,
CH1112956201, 11.10.2024, 09:12, 1021.000000, 10.000000,
CH1112956201, 11.10.2024, 09:51, 1021.000000, 25.000000,
CH1112956201, 11.10.2024, 11:02, 1034.000000, 3.000000,
CH1112956201, 11.10.2024, 12:35, 1021.000000, 6.000000,
CH1112956201, 11.10.2024, 12:35, 1019.000000, 8.000000,
CH1112956201, 14.10.2024, 10:00, 1019.000000, 5.000000,
CH1112956201, 14.10.2024, 15:07, 1019.000000, 4.000000,
CH1112956201, 15.10.2024, 08:30, 1034.000000, 15.000000,
CH1112956201, 15.10.2024, 09:32, 1019.000000, 8.000000,
CH1112956201, 17.10.2024, 11:21, 1019.000000, 15.000000,
CH1112956201, 18.10.2024, 08:32, 1034.000000, 15.000000,
CH1112956201, 18.10.2024, 09:43, 1025.000000, 3.000000,
CH1112956201, 18.10.2024, 11:31, 1034.000000, 15.000000,
CH1112956201, 18.10.2024, 11:53, 1025.000000, 12.000000,
CH1112956201, 18.10.2024, 13:53, 1019.000000, 20.000000,
CH1112956201, 21.10.2024, 08:30, 1034.000000, 8.000000,
CH1112956201, 18.10.2024, 11:53, 1020.000000, 2.000000,
CH1112956201, 18.10.2024, 11:53, 1020.000000, 3.000000,
CH1112956201, 18.10.2024, 11:53, 1019.000000, 3.000000,
CH1112956201, 22.10.2024, 08:30, 1022.000000, 10.000000,
CH1112956201, 23.10.2024, 11:28, 1022.000000, 5.000000,
CH1112956201, 23.10.2024, 11:47, 1019.000000, 3.000000,
CH1112956201, 24.10.2024, 10:41, 1019.000000, 30.000000,
CH1112956201, 23.10.2024, 11:28, 1019.000000, 15.000000,
CH1112956201, 28.10.2024, 08:30, 1034.000000, 1.000000,
CH1112956201, 28.10.2024, 10:40, 1025.000000, 2.000000,
CH1112956201, 28.10.2024, 11:36, 1025.000000, 9.000000,
CH1112956201, 28.10.2024, 14:11, 1025.000000, 4.000000,
CH1112956201, 28.10.2024, 15:08, 1019.000000, 5.000000,
CH1112956201, 28.10.2024, 14:11, 1025.000000, 25.000000,
CH1112956201, 28.10.2024, 14:11, 1020.000000, 30.000000,
CH1112956201, 28.10.2024, 14:11, 1019.000000, 6.000000,
CH1112956201, 29.10.2024, 09:49, 1019.000000, 10.000000,
CH1112956201, 29.10.2024, 16:34, 1034.000000, 10.000000,
CH1112956201, 30.10.2024, 14:13, 1034.000000, 15.000000,
CH1112956201, 06.11.2024, 09:07, 1032.000000, 15.000000,
CH1112956201, 06.11.2024, 11:00, 1032.000000, 15.000000,
CH1112956201, 07.11.2024, 10:20, 1020.000000, 10.000000,
CH1112956201, 07.11.2024, 10:20, 1019.000000, 5.000000,
CH1112956201, 07.11.2024, 11:30, 1032.000000, 15.000000,
CH1112956201, 07.11.2024, 11:55, 1019.000000, 20.000000,
CH1112956201, 07.11.2024, 13:36, 1019.000000, 5.000000,
CH1112956201, 07.11.2024, 16:11, 1032.000000, 15.000000,
CH1112956201, 08.11.2024, 08:30, 1017.000000, 100.000000,
CH1112956201, 07.11.2024, 11:55, 1019.000000, 30.000000,
CH1112956201, 08.11.2024, 08:30, 1017.000000, 10.000000,
CH1112956201, 08.11.2024, 11:56, 1017.000000, 5.000000,
CH1112956201, 08.11.2024, 14:00, 1017.000000, 6.000000,
CH1112956201, 08.11.2024, 14:42, 1015.000000, 30.000000,
CH1112956201, 08.11.2024, 11:56, 1017.000000, 10.000000,
CH1112956201, 08.11.2024, 14:00, 1015.000000, 10.000000,
CH1112956201, 08.11.2024, 14:00, 1015.000000, 6.000000,
CH1112956201, 12.11.2024, 08:30, 1029.000000, 25.000000,
CH1112956201, 12.11.2024, 09:31, 1029.000000, 15.000000,
CH1112956201, 12.11.2024, 10:42, 1029.000000, 15.000000,
CH1112956201, 12.11.2024, 10:42, 1015.000000, 25.000000,
CH1112956201, 12.11.2024, 14:30, 1029.000000, 25.000000,
CH1112956201, 12.11.2024, 14:31, 1015.000000, 15.000000,
CH1112956201, 12.11.2024, 16:56, 1029.000000, 5.000000,
CH1112956201, 13.11.2024, 09:52, 1015.000000, 10.000000,
CH1112956201, 13.11.2024, 14:45, 1029.000000, 3.000000,
CH1112956201, 13.11.2024, 16:40, 1029.000000, 2.000000,
CH1112956201, 14.11.2024, 10:21, 1030.000000, 15.000000,
CH1112956201, 14.11.2024, 16:17, 1015.000000, 14.000000,
CH1112956201, 13.11.2024, 16:40, 1030.000000, 33.000000,
CH1112956201, 14.11.2024, 16:17, 1015.000000, 38.000000,
CH1112956201, 14.11.2024, 16:17, 1013.000000, 48.000000,
CH1112956201, 15.11.2024, 09:32, 1013.000000, 15.000000,
CH1112956201, 15.11.2024, 10:55, 1013.000000, 4.000000,
CH1112956201, 15.11.2024, 16:08, 1020.000000, 5.000000,
CH1112956201, 18.11.2024, 11:32, 1013.000000, 5.000000,
CH1112956201, 18.11.2024, 11:40, 1013.000000, 28.000000,
CH1112956201, 18.11.2024, 09:01, 1020.000000, 30.000000,
CH1112956201, 18.11.2024, 11:40, 1011.000000, 2.000000,
CH1112956201, 19.11.2024, 08:30, 1011.000000, 40.000000,
CH1112956201, 19.11.2024, 10:54, 1011.000000, 5.000000,
CH1112956201, 19.11.2024, 10:54, 1020.000000, 11.000000,
CH1112956201, 19.11.2024, 11:34, 1020.000000, 20.000000,
CH1112956201, 19.11.2024, 16:26, 1020.000000, 10.000000,
CH1112956201, 20.11.2024, 09:15, 1020.000000, 15.000000,
CH1112956201, 21.11.2024, 10:36, 1020.000000, 9.000000,
CH1112956201, 21.11.2024, 10:36, 1026.000000, 6.000000,
CH1112956201, 25.11.2024, 13:57, 1012.000000, 7.000000,
CH1112956201, 26.11.2024, 08:30, 1026.000000, 5.000000,
CH1112956201, 26.11.2024, 10:31, 1026.000000, 20.000000,
CH1112956201, 26.11.2024, 16:16, 1026.000000, 15.000000,
CH1112956201, 26.11.2024, 08:30, 1025.000000, 10.000000,
CH1112956201, 27.11.2024, 10:16, 1014.000000, 15.000000,
CH1112956201, 27.11.2024, 10:24, 1013.000000, 1.000000,
CH1112956201, 27.11.2024, 11:08, 1026.000000, 10.000000,
CH1112956201, 27.11.2024, 11:26, 1012.000000, 4.000000,
CH1112956201, 28.11.2024, 08:30, 1025.000000, 10.000000,
CH1112956201, 28.11.2024, 13:28, 1011.000000, 5.000000,
CH1112956201, 28.11.2024, 16:25, 1011.000000, 66.000000,
CH1112956201, 27.11.2024, 10:16, 1013.000000, 15.000000,
CH1112956201, 27.11.2024, 10:24, 1012.000000, 4.000000,
CH1112956201, 27.11.2024, 11:26, 1011.000000, 11.000000,
CH1112956201, 28.11.2024, 08:30, 1026.000000, 10.000000,
CH1112956201, 28.11.2024, 16:25, 1009.000000, 22.000000,
CH1112956201, 29.11.2024, 14:05, 1024.000000, 1.000000,
CH1112956201, 29.11.2024, 14:26, 1024.000000, 15.000000,
CH1112956201, 02.12.2024, 08:49, 1010.000000, 50.000000,
CH1112956201, 28.11.2024, 16:25, 1011.000000, 37.000000,
CH1112956201, 03.12.2024, 08:30, 1010.000000, 15.000000,
CH1112956201, 03.12.2024, 11:39, 1010.000000, 2.000000,
CH1112956201, 03.12.2024, 15:35, 1010.000000, 30.000000,
CH1112956201, 04.12.2024, 08:30, 1024.000000, 5.000000,
CH1112956201, 04.12.2024, 11:37, 1024.000000, 10.000000,
CH1112956201, 04.12.2024, 13:18, 1010.000000, 3.000000,
CH1112956201, 04.12.2024, 16:24, 1024.000000, 15.000000,
CH1112956201, 04.12.2024, 16:24, 1024.000000, 15.000000,
CH1112956201, 05.12.2024, 09:45, 1024.000000, 15.000000,
CH1112956201, 05.12.2024, 09:49, 1020.000000, 15.000000,
CH1112956201, 04.12.2024, 13:18, 1009.000000, 12.000000,
CH1112956201, 05.12.2024, 15:25, 1020.000000, 9.000000,
CH1112956201, 06.12.2024, 08:31, 1020.000000, 1.000000,
CH1112956201, 06.12.2024, 08:31, 1009.000000, 14.000000,
CH1112956201, 06.12.2024, 09:13, 1024.000000, 15.000000,
CH1112956201, 06.12.2024, 14:17, 1009.000000, 40.000000,
CH1112956201, 06.12.2024, 15:40, 1009.000000, 4.000000,
CH1112956201, 09.12.2024, 09:15, 1024.000000, 15.000000,
CH1112956201, 09.12.2024, 10:17, 1024.000000, 15.000000,
CH1112956201, 09.12.2024, 16:02, 1009.000000, 40.000000,
CH1112956201, 10.12.2024, 08:30, 1009.000000, 5.000000,
CH1112956201, 10.12.2024, 10:44, 1024.000000, 15.000000,
CH1112956201, 10.12.2024, 13:31, 1023.000000, 10.000000,
CH1112956201, 10.12.2024, 13:31, 1024.000000, 5.000000,
CH1112956201, 11.12.2024, 10:32, 1024.000000, 15.000000,
CH1112956201, 11.12.2024, 12:02, 1024.000000, 15.000000,
CH1112956201, 11.12.2024, 15:16, 1009.000000, 10.000000,
CH1112956201, 12.12.2024, 09:21, 1009.000000, 5.000000,
CH1112956201, 12.12.2024, 15:09, 1023.000000, 20.000000,
CH1112956201, 13.12.2024, 10:19, 1024.000000, 10.000000,
CH1112956201, 13.12.2024, 10:19, 1024.000000, 15.000000,
CH1112956201, 12.12.2024, 15:09, 1024.000000, 10.000000,
CH1112956201, 13.12.2024, 10:19, 1024.000000, 5.000000,
CH1112956201, 13.12.2024, 12:02, 1009.000000, 10.000000,
CH1112956201, 16.12.2024, 08:45, 1009.000000, 29.000000,
CH1112956201, 16.12.2024, 08:45, 1009.000000, 16.000000,
CH1112956201, 16.12.2024, 08:45, 1009.000000, 10.000000,
CH1112956201, 16.12.2024, 09:01, 1020.000000, 16.000000,
CH1112956201, 16.12.2024, 11:17, 1020.000000, 10.000000,
CH1112956201, 16.12.2024, 11:19, 1016.000000, 15.000000,
CH1112956201, 16.12.2024, 14:24, 1020.000000, 30.000000,
CH1112956201, 17.12.2024, 08:49, 1016.000000, 5.000000,
CH1112956201, 17.12.2024, 15:06, 1020.000000, 20.000000,
CH1112956201, 17.12.2024, 15:23, 1020.000000, 13.000000,
CH1112956201, 18.12.2024, 08:30, 1017.000000, 14.000000,
CH1112956201, 18.12.2024, 10:19, 1017.000000, 31.000000,
CH1112956201, 18.12.2024, 10:19, 1016.000000, 44.000000,
CH1112956201, 18.12.2024, 11:48, 1020.000000, 2.000000,
CH1112956201, 18.12.2024, 13:00, 1016.000000, 20.000000,
CH1112956201, 18.12.2024, 14:44, 1016.000000, 10.000000,
CH1112956201, 18.12.2024, 14:54, 1020.000000, 9.000000,
CH1112956201, 18.12.2024, 14:54, 1029.000000, 6.000000,
CH1112956201, 18.12.2024, 14:44, 1014.000000, 5.000000,
CH1112956201, 19.12.2024, 10:38, 1029.000000, 15.000000,
CH1112956201, 19.12.2024, 10:52, 1029.000000, 15.000000,
CH1112956201, 20.12.2024, 14:09, 1029.000000, 15.000000,
CH1112956201, 23.12.2024, 10:28, 1015.000000, 15.000000,
CH1112956201, 23.12.2024, 11:49, 1015.000000, 15.000000,
CH1112956201, 23.12.2024, 15:23, 1020.000000, 15.000000,
CH1112956201, 23.12.2024, 15:38, 1020.000000, 10.000000,
CH1112956201, 27.12.2024, 08:30, 1029.000000, 35.000000,
CH1112956201, 27.12.2024, 08:30, 1029.000000, 5.000000,
CH1112956201, 27.12.2024, 13:47, 1020.000000, 15.000000,
CH1112956201, 27.12.2024, 08:30, 1029.000000, 10.000000,
CH1112956201, 03.01.2025, 08:32, 1020.000000, 10.000000,
CH1112956201, 03.01.2025, 08:32, 1014.000000, 5.000000,
CH1112956201, 03.01.2025, 10:32, 1029.000000, 4.000000,
CH1112956201, 03.01.2025, 11:13, 1031.000000, 15.000000,
CH1112956201, 03.01.2025, 12:09, 1031.000000, 15.000000,
CH1112956201, 06.01.2025, 08:40, 1031.000000, 20.000000,
CH1112956201, 06.01.2025, 13:21, 1031.000000, 7.000000,
CH1112956201, 06.01.2025, 16:01, 1031.000000, 5.000000,
CH1112956201, 07.01.2025, 11:08, 1031.000000, 15.000000,
CH1112956201, 07.01.2025, 13:44, 1030.000000, 11.000000,
CH1112956201, 07.01.2025, 15:32, 1016.000000, 20.000000,
CH1112956201, 07.01.2025, 13:44, 1016.000000, 4.000000,
CH1112956201, 08.01.2025, 11:12, 1016.000000, 10.000000,
CH1112956201, 09.01.2025, 10:43, 1031.000000, 15.000000,
CH1112956201, 09.01.2025, 14:34, 1017.000000, 30.000000,
CH1112956201, 09.01.2025, 15:10, 1016.000000, 15.000000,
CH1112956201, 09.01.2025, 15:22, 1016.000000, 15.000000,
CH1112956201, 10.01.2025, 08:54, 1016.000000, 20.000000,
CH1112956201, 13.01.2025, 08:41, 1031.000000, 15.000000,
CH1112956201, 13.01.2025, 10:22, 1031.000000, 16.000000,
CH1112956201, 13.01.2025, 11:00, 1031.000000, 15.000000,
CH1112956201, 13.01.2025, 14:14, 1031.000000, 10.000000,
CH1112956201, 13.01.2025, 08:30, 1031.000000, 5.000000,
CH1112956201, 15.01.2025, 10:13, 1031.000000, 6.000000,
CH1112956201, 15.01.2025, 14:41, 1021.000000, 8.000000,
CH1112956201, 15.01.2025, 16:41, 1021.000000, 7.000000,
CH1112956201, 14.01.2025, 11:36, 1031.000000, 15.000000,
CH1112956201, 15.01.2025, 16:41, 1020.000000, 35.000000,
CH1112956201, 15.01.2025, 16:41, 1016.000000, 8.000000,
CH1112956201, 16.01.2025, 10:39, 1031.000000, 10.000000,
CH1112956201, 16.01.2025, 13:56, 1033.000000, 15.000000,
CH1112956201, 17.01.2025, 10:29, 1033.000000, 7.000000,
CH1112956201, 17.01.2025, 11:10, 1020.000000, 40.000000,
CH1112956201, 17.01.2025, 11:31, 1035.000000, 50.000000,
CH1112956201, 17.01.2025, 11:44, 1020.000000, 5.000000,
CH1112956201, 17.01.2025, 14:02, 1035.000000, 15.000000,
CH1112956201, 16.01.2025, 10:39, 1031.000000, 8.000000,
CH1112956201, 17.01.2025, 10:29, 1035.000000, 8.000000,
CH1112956201, 17.01.2025, 15:15, 1035.000000, 12.000000,
CH1112956201, 16.01.2025, 10:39, 1033.000000, 15.000000,
CH1112956201, 17.01.2025, 15:15, 1035.000000, 3.000000,
CH1112956201, 16.01.2025, 10:39, 1033.000000, 63.000000,
CH1112956201, 17.01.2025, 14:52, 1035.000000, 15.000000,
CH1112956201, 17.01.2025, 15:24, 1035.000000, 15.000000,
CH1112956201, 17.01.2025, 15:33, 1035.000000, 15.000000,
CH1112956201, 20.01.2025, 10:32, 1020.000000, 3.000000,
CH1112956201, 20.01.2025, 13:25, 1037.000000, 31.000000,
CH1112956201, 21.01.2025, 08:30, 1039.000000, 9.000000,
CH1112956201, 20.01.2025, 08:30, 1035.000000, 12.000000,
CH1112956201, 21.01.2025, 11:27, 1039.000000, 15.000000,
CH1112956201, 20.01.2025, 08:30, 1037.000000, 18.000000,
CH1112956201, 21.01.2025, 08:30, 1037.000000, 51.000000,
CH1112956201, 21.01.2025, 15:29, 1039.000000, 13.000000,
CH1112956201, 21.01.2025, 16:54, 1039.000000, 15.000000,
CH1112956201, 22.01.2025, 08:30, 1039.000000, 10.000000,
CH1112956201, 22.01.2025, 10:21, 1024.000000, 2.000000,
CH1112956201, 22.01.2025, 14:53, 1024.000000, 15.000000,
CH1112956201, 22.01.2025, 16:45, 1039.000000, 1.000000,
CH1112956201, 23.01.2025, 08:30, 1039.000000, 25.000000,
CH1112956201, 23.01.2025, 08:36, 1024.000000, 15.000000,
CH1112956201, 23.01.2025, 08:30, 1039.000000, 25.000000,
CH1112956201, 23.01.2025, 08:30, 1039.000000, 6.000000,
CH1112956201, 24.01.2025, 11:29, 1039.000000, 1.000000,
CH1112956201, 24.01.2025, 13:31, 1039.000000, 5.000000,
CH1112956201, 24.01.2025, 13:31, 1039.000000, 11.000000,
CH1112956201, 27.01.2025, 10:38, 1039.000000, 3.000000,
CH1112956201, 27.01.2025, 14:36, 1039.000000, 18.000000,
CH1112956201, 27.01.2025, 14:57, 1039.000000, 2.000000,
CH1112956201, 27.01.2025, 14:57, 1026.000000, 8.000000,
CH1112956201, 28.01.2025, 08:31, 1040.000000, 5.000000,
CH1112956201, 28.01.2025, 10:45, 1030.000000, 15.000000,
CH1112956201, 28.01.2025, 08:31, 1041.000000, 10.000000,
CH1112956201, 29.01.2025, 08:30, 1041.000000, 10.000000,
CH1112956201, 29.01.2025, 11:58, 1041.000000, 1.000000,
CH1112956201, 29.01.2025, 15:13, 1026.000000, 92.000000,
CH1112956201, 29.01.2025, 15:13, 1026.000000, 18.000000,
CH1112956201, 30.01.2025, 15:03, 1030.000000, 10.000000,
CH1112956201, 31.01.2025, 09:35, 1041.000000, 5.000000,
CH1112956201, 31.01.2025, 10:50, 1041.000000, 3.000000,
CH1112956201, 03.02.2025, 08:31, 1036.000000, 5.000000,
CH1112956201, 03.02.2025, 08:31, 1041.000000, 15.000000,
CH1112956201, 03.02.2025, 09:49, 1041.000000, 27.000000,
CH1112956201, 03.02.2025, 15:19, 1041.000000, 20.000000,
CH1112956201, 04.02.2025, 08:34, 1041.000000, 9.000000,
CH1112956201, 04.02.2025, 16:08, 1041.000000, 20.000000,
CH1112956201, 04.02.2025, 08:34, 1041.000000, 7.000000,
CH1112956201, 05.02.2025, 13:59, 1036.000000, 5.000000,
CH1112956201, 06.02.2025, 14:18, 1041.000000, 17.000000,
CH1112956201, 05.02.2025, 13:59, 1036.000000, 5.000000,
CH1112956201, 05.02.2025, 13:59, 1030.000000, 5.000000,
CH1112956201, 06.02.2025, 08:31, 1030.000000, 25.000000,
CH1112956201, 07.02.2025, 13:38, 1040.000000, 15.000000,
CH1112956201, 07.02.2025, 14:58, 1030.000000, 10.000000,
CH1112956201, 10.02.2025, 08:30, 1035.000000, 6.000000,
CH1112956201, 10.02.2025, 10:58, 1035.000000, 4.000000,
CH1112956201, 10.02.2025, 11:20, 1040.000000, 30.000000,
CH1112956201, 05.02.2025, 13:59, 1027.000000, 15.000000,
CH1112956201, 10.02.2025, 09:27, 1040.000000, 1.000000,
CH1112956201, 11.02.2025, 09:24, 1040.000000, 5.000000,
CH1112956201, 11.02.2025, 10:42, 1040.000000, 15.000000,
CH1112956201, 12.02.2025, 13:08, 1040.000000, 4.000000,
CH1112956201, 13.02.2025, 08:30, 1041.000000, 16.000000,
CH1112956201, 13.02.2025, 08:30, 1043.000000, 15.000000,
CH1112956201, 12.02.2025, 13:08, 1041.000000, 26.000000,
CH1112956201, 13.02.2025, 08:30, 1041.000000, 32.000000,
CH1112956201, 13.02.2025, 10:43, 1043.000000, 15.000000,
CH1112956201, 13.02.2025, 10:54, 1043.000000, 15.000000,
CH1112956201, 13.02.2025, 12:01, 1041.000000, 10.000000,
CH1112956201, 14.02.2025, 08:30, 1041.000000, 6.000000,
CH1112956201, 17.02.2025, 08:32, 1036.000000, 5.000000,
CH1112956201, 18.02.2025, 09:58, 1041.000000, 16.000000,
CH1112956201, 18.02.2025, 09:58, 1041.000000, 10.000000,
CH1112956201, 18.02.2025, 11:51, 1041.000000, 5.000000,
CH1112956201, 18.02.2025, 13:47, 1041.000000, 33.000000,
CH1112956201, 18.02.2025, 16:09, 1043.000000, 20.000000,
CH1112956201, 19.02.2025, 08:30, 1043.000000, 14.000000,
CH1112956201, 19.02.2025, 08:31, 1045.000000, 4.000000,
CH1112956201, 19.02.2025, 08:31, 1043.000000, 21.000000,
CH1112956201, 19.02.2025, 09:37, 1045.000000, 15.000000,
CH1112956201, 19.02.2025, 11:17, 1045.000000, 80.000000,
CH1112956201, 19.02.2025, 11:44, 1045.000000, 1.000000,
CH1112956201, 19.02.2025, 13:27, 1047.000000, 15.000000,
CH1112956201, 20.02.2025, 08:31, 1047.000000, 15.000000,
CH1112956201, 20.02.2025, 08:31, 1036.000000, 20.000000,
CH1112956201, 19.02.2025, 11:44, 1047.000000, 15.000000,
CH1112956201, 20.02.2025, 08:31, 1035.000000, 5.000000,
CH1112956201, 20.02.2025, 08:54, 1047.000000, 15.000000,
CH1112956201, 20.02.2025, 14:06, 1047.000000, 40.000000,
CH1112956201, 20.02.2025, 14:07, 1049.000000, 30.000000,
CH1112956201, 20.02.2025, 14:12, 1049.000000, 10.000000,
CH1112956201, 20.02.2025, 14:20, 1049.000000, 20.000000,
CH1112956201, 20.02.2025, 14:23, 1049.000000, 20.000000,
CH1112956201, 21.02.2025, 08:30, 1049.000000, 20.000000,
CH1112956201, 21.02.2025, 11:19, 1047.000000, 5.000000,
CH1112956201, 21.02.2025, 11:40, 1051.000000, 80.000000,
CH1112956201, 21.02.2025, 16:11, 1051.000000, 20.000000,
CH1112956201, 24.02.2025, 08:31, 1053.000000, 3.000000,
CH1112956201, 24.02.2025, 08:48, 1053.000000, 15.000000,
CH1112956201, 24.02.2025, 13:57, 1047.000000, 5.000000,
CH1112956201, 24.02.2025, 14:26, 1040.000000, 15.000000,
CH1112956201, 24.02.2025, 14:54, 1040.000000, 15.000000,
CH1112956201, 24.02.2025, 15:44, 1040.000000, 5.000000,
CH1112956201, 21.02.2025, 11:40, 1050.000000, 10.000000,
CH1112956201, 24.02.2025, 16:26, 1053.000000, 15.000000,
CH1112956201, 26.02.2025, 15:38, 1040.000000, 5.000000,
CH1112956201, 27.02.2025, 08:30, 1053.000000, 15.000000,
CH1112956201, 27.02.2025, 09:38, 1053.000000, 15.000000,
CH1112956201, 28.02.2025, 08:30, 1040.000000, 10.000000,
CH1112956201, 28.02.2025, 08:30, 1040.000000, 5.000000,
CH1112956201, 03.03.2025, 09:33, 1053.000000, 15.000000,
CH1112956201, 04.03.2025, 11:18, 1053.000000, 15.000000,
CH1112956201, 05.03.2025, 09:17, 1038.000000, 96.000000,
CH1112956201, 05.03.2025, 15:54, 1038.000000, 4.000000,
CH1112956201, 05.03.2025, 15:54, 1036.000000, 53.000000,
CH1112956201, 06.03.2025, 08:30, 1051.000000, 10.000000,
CH1112956201, 05.03.2025, 15:54, 1038.000000, 93.000000,
CH1112956201, 06.03.2025, 10:47, 1036.000000, 15.000000,
CH1112956201, 07.03.2025, 09:51, 1051.000000, 15.000000,
CH1112956201, 07.03.2025, 10:00, 1051.000000, 15.000000,
CH1112956201, 07.03.2025, 15:48, 1051.000000, 15.000000,
CH1112956201, 10.03.2025, 09:43, 1042.000000, 10.000000,
CH1112956201, 10.03.2025, 14:14, 1042.000000, 5.000000,
CH1112956201, 10.03.2025, 14:14, 1036.000000, 10.000000,
CH1112956201, 10.03.2025, 14:15, 1051.000000, 1.000000,
CH1112956201, 10.03.2025, 14:14, 1040.000000, 35.000000,
CH1112956201, 10.03.2025, 16:33, 1051.000000, 4.000000,
CH1112956201, 11.03.2025, 08:30, 1051.000000, 8.000000,
CH1112956201, 11.03.2025, 08:37, 1051.000000, 25.000000,
CH1112956201, 11.03.2025, 10:07, 1036.000000, 5.000000,
CH1112956201, 12.03.2025, 08:44, 1036.000000, 15.000000,
CH1112956201, 12.03.2025, 10:36, 1051.000000, 5.000000,
CH1112956201, 17.03.2025, 08:30, 1051.000000, 25.000000,
CH1112956201, 17.03.2025, 09:51, 1054.000000, 75.000000,
CH1112956201, 17.03.2025, 13:01, 1054.000000, 5.000000,
CH1112956201, 18.03.2025, 09:32, 1050.000000, 55.000000,
CH1112956201, 17.03.2025, 09:51, 1052.000000, 100.000000,
CH1112956201, 17.03.2025, 09:51, 1050.000000, 25.000000,
CH1112956201, 19.03.2025, 16:27, 1050.000000, 10.000000,
CH1112956201, 20.03.2025, 08:30, 1050.000000, 10.000000,
CH1112956201, 20.03.2025, 08:30, 1048.000000, 20.000000,
CH1112956201, 20.03.2025, 13:47, 1048.000000, 10.000000,
CH1112956201, 21.03.2025, 10:16, 1048.000000, 3.000000,
CH1112956201, 24.03.2025, 08:32, 1059.000000, 20.000000,
CH1112956201, 24.03.2025, 11:47, 1060.000000, 1.000000,
CH1112956201, 24.03.2025, 13:16, 1060.000000, 4.000000,
CH1112956201, 25.03.2025, 09:31, 1060.000000, 20.000000,
CH1112956201, 25.03.2025, 12:23, 1059.000000, 15.000000,
CH1112956201, 26.03.2025, 09:39, 1059.000000, 2.000000,
CH1112956201, 26.03.2025, 10:25, 1059.000000, 3.000000,
CH1112956201, 26.03.2025, 15:39, 1060.000000, 13.000000,
CH1112956201, 26.03.2025, 15:56, 1060.000000, 10.000000,
CH1112956201, 26.03.2025, 10:25, 1060.000000, 12.000000,
CH1112956201, 27.03.2025, 11:34, 1070.000000, 5.000000,
CH1112956201, 27.03.2025, 11:44, 1070.000000, 15.000000,
CH1112956201, 27.03.2025, 14:01, 1070.000000, 15.000000,
CH1112956201, 28.03.2025, 08:58, 1058.000000, 2.000000,
CH1112956201, 28.03.2025, 11:53, 1070.000000, 15.000000,
CH1112956201, 28.03.2025, 12:55, 1080.000000, 10.000000,
CH1112956201, 28.03.2025, 12:55, 1090.000000, 5.000000,
CH1112956201, 28.03.2025, 14:49, 1090.000000, 25.000000,
CH1112956201, 28.03.2025, 14:56, 1090.000000, 20.000000,
CH1112956201, 01.04.2025, 10:24, 1080.000000, 5.000000,
CH1112956201, 01.04.2025, 10:28, 1080.000000, 5.000000,
CH1112956201, 01.04.2025, 10:37, 1080.000000, 10.000000,
CH1112956201, 01.04.2025, 10:37, 1069.000000, 15.000000,
CH1112956201, 02.04.2025, 10:36, 1069.000000, 5.000000,
CH1112956201, 04.04.2025, 10:03, 1070.000000, 10.000000,
CH1112956201, 04.04.2025, 15:23, 1070.000000, 5.000000,
CH1112956201, 04.04.2025, 15:23, 1069.000000, 65.000000,
CH1112956201, 07.04.2025, 08:57, 1069.000000, 15.000000,
CH1112956201, 08.04.2025, 13:24, 1067.000000, 15.000000,
CH1112956201, 09.04.2025, 15:35, 1067.000000, 16.000000,
CH1112956201, 10.04.2025, 09:38, 1067.000000, 50.000000,
CH1112956201, 10.04.2025, 11:29, 1100.000000, 8.000000,
CH1112956201, 16.04.2025, 16:15, 1070.000000, 16.000000,
CH1112956201, 16.04.2025, 16:15, 1070.000000, 16.000000,
CH1112956201, 17.04.2025, 10:17, 1070.000000, 5.000000,
CH1112956201, 17.04.2025, 12:22, 1067.000000, 1.000000,
CH1112956201, 22.04.2025, 10:42, 1067.000000, 10.000000,
CH1112956201, 22.04.2025, 11:27, 1067.000000, 5.000000,
CH1112956201, 22.04.2025, 13:29, 1070.000000, 3.000000,
CH1112956201, 24.04.2025, 10:00, 1090.000000, 3.000000,
CH1112956201, 24.04.2025, 10:22, 1070.000000, 15.000000,
CH1112956201, 24.04.2025, 10:00, 1090.000000, 16.000000,
CH1112956201, 24.04.2025, 14:20, 1070.000000, 2.000000,
CH1112956201, 24.04.2025, 14:20, 1070.000000, 7.000000,
CH1112956201, 24.04.2025, 14:59, 1090.000000, 7.000000,
CH1112956201, 25.04.2025, 08:39, 1069.000000, 25.000000,
CH1112956201, 25.04.2025, 11:12, 1069.000000, 75.000000,
CH1112956201, 24.04.2025, 14:20, 1070.000000, 30.000000,
CH1112956201, 25.04.2025, 11:12, 1067.000000, 15.000000,
CH1112956201, 24.04.2025, 14:20, 1067.000000, 1.000000,
CH1112956201, 25.04.2025, 11:12, 1067.000000, 60.000000,
CH1112956201, 29.04.2025, 16:46, 1070.000000, 8.000000,
CH1112956201, 30.04.2025, 12:45, 1090.000000, 9.000000,
CH1112956201, 30.04.2025, 12:45, 1100.000000, 16.000000,
CH1112956201, 05.05.2025, 08:31, 1070.000000, 7.000000,
CH1112956201, 05.05.2025, 16:32, 1070.000000, 1.000000,
CH1112956201, 05.05.2025, 16:32, 1068.000000, 1.000000,
CH1112956201, 06.05.2025, 16:55, 1100.000000, 4.000000,
CH1112956201, 07.05.2025, 11:03, 1076.000000, 15.000000,
CH1112956201, 07.05.2025, 11:03, 1075.000000, 15.000000,
CH1112956201, 07.05.2025, 11:03, 1068.000000, 4.000000,
CH1112956201, 07.05.2025, 11:03, 1067.000000, 16.000000,
CH1112956201, 08.05.2025, 10:58, 1067.000000, 4.000000,
CH1112956201, 12.05.2025, 10:08, 1120.000000, 20.000000,
CH1112956201, 13.05.2025, 08:30, 1100.000000, 3.000000,
CH1112956201, 13.05.2025, 11:21, 1100.000000, 12.000000,
CH1112956201, 13.05.2025, 12:25, 1070.000000, 6.000000,
CH1112956201, 13.05.2025, 14:51, 1070.000000, 7.000000,
CH1112956201, 14.05.2025, 11:15, 1070.000000, 7.000000,
CH1112956201, 14.05.2025, 16:08, 1115.000000, 16.000000,
CH1112956201, 14.05.2025, 11:15, 1070.000000, 1.000000,
CH1112956201, 14.05.2025, 11:15, 1067.000000, 12.000000,
CH1112956201, 19.05.2025, 08:31, 1100.000000, 15.000000,
CH1112956201, 19.05.2025, 08:31, 1115.000000, 3.000000,
CH1112956201, 20.05.2025, 15:26, 1070.000000, 15.000000,
CH1112956201, 20.05.2025, 15:26, 1070.000000, 15.000000,
CH1112956201, 21.05.2025, 10:23, 1068.000000, 15.000000,
CH1112956201, 21.05.2025, 10:23, 1060.000000, 5.000000,
CH1112956201, 21.05.2025, 10:34, 1115.000000, 1.000000,
CH1112956201, 21.05.2025, 13:39, 1125.000000, 20.000000,
CH1112956201, 21.05.2025, 10:23, 1068.000000, 10.000000,
CH1112956201, 21.05.2025, 10:34, 1125.000000, 11.000000,
CH1112956201, 22.05.2025, 09:37, 1125.000000, 15.000000,
CH1112956201, 22.05.2025, 11:18, 1125.000000, 4.000000,
CH1112956201, 22.05.2025, 12:17, 1130.000000, 1.000000,
CH1112956201, 26.05.2025, 15:16, 1130.000000, 19.000000,
CH1112956201, 26.05.2025, 16:22, 1100.000000, 8.000000,
CH1112956201, 27.05.2025, 10:16, 1100.000000, 8.000000,
CH1112956201, 27.05.2025, 10:54, 1180.000000, 15.000000,
CH1112956201, 26.05.2025, 15:16, 1149.000000, 4.000000,
CH1112956201, 26.05.2025, 16:22, 1100.000000, 7.000000,
CH1112956201, 26.05.2025, 16:34, 1100.000000, 25.000000,
CH1112956201, 27.05.2025, 10:01, 1100.000000, 50.000000,
CH1112956201, 27.05.2025, 10:16, 1091.000000, 15.000000,
CH1112956201, 26.05.2025, 15:16, 1150.000000, 20.000000,
CH1112956201, 27.05.2025, 10:16, 1090.000000, 2.000000,
CH1112956201, 28.05.2025, 08:30, 1091.000000, 10.000000,
CH1112956201, 28.05.2025, 10:18, 1170.000000, 10.000000,
CH1112956201, 26.05.2025, 15:16, 1170.000000, 20.000000,
CH1112956201, 28.05.2025, 08:30, 1090.000000, 28.000000,
CH1112956201, 28.05.2025, 10:18, 1175.000000, 5.000000,
CH1112956201, 28.05.2025, 16:56, 1096.000000, 15.000000,
CH1112956201, 26.05.2025, 15:16, 1180.000000, 20.000000,
CH1112956201, 28.05.2025, 08:30, 1089.000000, 27.000000,
CH1112956201, 30.05.2025, 08:30, 1169.000000, 4.000000,
CH1112956201, 30.05.2025, 09:41, 1169.000000, 11.000000,
CH1112956201, 30.05.2025, 09:41, 1190.000000, 20.000000,
CH1112956201, 30.05.2025, 11:05, 1199.000000, 3.000000,
CH1112956201, 30.05.2025, 14:24, 1199.000000, 16.000000,
CH1112956201, 02.06.2025, 08:30, 1130.000000, 2.000000,
CH1112956201, 26.05.2025, 15:16, 1200.000000, 7.000000,
CH1112956201, 30.05.2025, 09:41, 1175.000000, 10.000000,
CH1112956201, 30.05.2025, 09:41, 1170.000000, 10.000000,
CH1112956201, 30.05.2025, 09:41, 1200.000000, 3.000000,
CH1112956201, 30.05.2025, 09:41, 1200.000000, 2.000000,
CH1112956201, 02.06.2025, 13:30, 1150.000000, 5.000000,
CH1112956201, 03.06.2025, 09:45, 1130.000000, 13.000000,
CH1112956201, 03.06.2025, 09:45, 1104.000000, 12.000000,
CH1112956201, 03.06.2025, 11:36, 1105.000000, 15.000000,
CH1112956201, 03.06.2025, 15:39, 1150.000000, 15.000000,
CH1112956201, 03.06.2025, 15:39, 1105.000000, 10.000000,
CH1112956201, 04.06.2025, 08:30, 1104.000000, 30.000000,
CH1112956201, 04.06.2025, 09:05, 1130.000000, 16.000000,
CH1112956201, 04.06.2025, 10:15, 1119.000000, 15.000000,
CH1112956201, 03.06.2025, 09:45, 1110.000000, 10.000000,
CH1112956201, 03.06.2025, 15:39, 1106.000000, 10.000000,
CH1112956201, 03.06.2025, 15:39, 1104.000000, 25.000000,
CH1112956201, 04.06.2025, 08:31, 1104.000000, 1.000000,
CH1112956201, 03.06.2025, 08:30, 1150.000000, 10.000000,
CH1112956201, 06.06.2025, 08:30, 1118.000000, 10.000000,
CH1112956201, 06.06.2025, 08:30, 1119.000000, 1.000000,
CH1112956201, 06.06.2025, 10:15, 1119.000000, 15.000000,
CH1112956201, 03.06.2025, 08:30, 1189.000000, 65.000000,
CH1112956201, 10.06.2025, 08:30, 1119.000000, 5.000000,
CH1112956201, 10.06.2025, 10:32, 1119.000000, 10.000000,
CH1112956201, 10.06.2025, 15:29, 1119.000000, 38.000000,
CH1112956201, 10.06.2025, 15:34, 1121.000000, 27.000000,
CH1112956201, 11.06.2025, 10:47, 1121.000000, 15.000000,
CH1112956201, 11.06.2025, 14:27, 1121.000000, 10.000000,
CH1112956201, 13.06.2025, 15:50, 1121.000000, 15.000000,
CH1112956201, 13.06.2025, 15:59, 1121.000000, 21.000000,
CH1112956201, 16.06.2025, 08:39, 1121.000000, 12.000000,
CH1112956201, 16.06.2025, 08:39, 1123.000000, 3.000000,
CH1112956201, 16.06.2025, 10:16, 1123.000000, 15.000000,
CH1112956201, 16.06.2025, 10:52, 1110.000000, 15.000000,
CH1112956201, 16.06.2025, 10:52, 1108.000000, 15.000000,
CH1112956201, 16.06.2025, 13:48, 1108.000000, 25.000000,
CH1112956201, 16.06.2025, 15:54, 1108.000000, 5.000000,
CH1112956201, 16.06.2025, 16:42, 1108.000000, 40.000000,
CH1112956201, 17.06.2025, 10:38, 1123.000000, 16.000000,
CH1112956201, 17.06.2025, 10:48, 1108.000000, 15.000000,
CH1112956201, 17.06.2025, 11:24, 1123.000000, 20.000000,
CH1112956201, 17.06.2025, 14:36, 1123.000000, 1.000000,
CH1112956201, 17.06.2025, 14:50, 1109.000000, 70.000000,
CH1112956201, 17.06.2025, 14:50, 1108.000000, 30.000000,
CH1112956201, 18.06.2025, 13:24, 1123.000000, 5.000000,
CH1112956201, 18.06.2025, 13:31, 1108.000000, 20.000000,
CH1112956201, 18.06.2025, 13:24, 1123.000000, 11.000000,
CH1112956201, 20.06.2025, 10:31, 1123.000000, 34.000000,
CH1112956201, 23.06.2025, 08:55, 1123.000000, 15.000000,
CH1112956201, 23.06.2025, 09:41, 1108.000000, 2.000000,
CH1112956201, 23.06.2025, 13:40, 1110.000000, 30.000000,
CH1112956201, 24.06.2025, 09:06, 1121.000000, 15.000000,
CH1112956201, 24.06.2025, 11:31, 1121.000000, 15.000000,
CH1112956201, 23.06.2025, 13:40, 1108.000000, 2.000000,
CH1112956201, 23.06.2025, 13:40, 1108.000000, 16.000000,
CH1112956201, 24.06.2025, 09:34, 1121.000000, 30.000000,
CH1112956201, 23.06.2025, 13:40, 1108.000000, 77.000000,
CH1112956201, 24.06.2025, 16:55, 1121.000000, 25.000000,
CH1112956201, 26.06.2025, 13:10, 1121.000000, 5.000000,
CH1112956201, 26.06.2025, 14:32, 1121.000000, 10.000000,
CH1112956201, 26.06.2025, 14:33, 1123.000000, 16.000000,
CH1112956201, 27.06.2025, 10:35, 1123.000000, 15.000000,
CH1112956201, 27.06.2025, 10:48, 1123.000000, 1.000000,
CH1112956201, 27.06.2025, 11:04, 1108.000000, 2.000000,
CH1112956201, 26.06.2025, 14:32, 1123.000000, 5.000000,
CH1112956201, 27.06.2025, 14:00, 1108.000000, 1.000000,
CH1112956201, 30.06.2025, 08:31, 1108.000000, 25.000000,
CH1112956201, 30.06.2025, 08:31, 1108.000000, 15.000000,
CH1112956201, 30.06.2025, 10:13, 1123.000000, 15.000000,
CH1112956201, 30.06.2025, 13:34, 1123.000000, 1.000000,
CH1112956201, 01.07.2025, 13:51, 1120.000000, 11.000000,
CH1112956201, 01.07.2025, 14:12, 1120.000000, 11.000000,
CH1112956201, 01.07.2025, 14:15, 1120.000000, 11.000000,
CH1112956201, 01.07.2025, 14:57, 1114.000000, 3.000000,
CH1112956201, 03.07.2025, 10:09, 1114.000000, 4.000000,
CH1112956201, 03.07.2025, 10:42, 1129.000000, 15.000000,
CH1112956201, 03.07.2025, 15:37, 1129.000000, 15.000000,
CH1112956201, 03.07.2025, 15:54, 1129.000000, 44.000000,
CH1112956201, 03.07.2025, 16:42, 1129.000000, 7.000000,
CH1112956201, 04.07.2025, 08:30, 1129.000000, 6.000000,
CH1112956201, 04.07.2025, 14:42, 1150.000000, 10.000000,
CH1112956201, 04.07.2025, 14:42, 1168.000000, 43.000000,
CH1112956201, 07.07.2025, 10:55, 1168.000000, 5.000000,
CH1112956201, 07.07.2025, 12:24, 1168.000000, 20.000000,
CH1112956201, 08.07.2025, 09:11, 1130.000000, 10.000000,
CH1112956201, 08.07.2025, 09:11, 1129.000000, 7.000000,
CH1112956201, 08.07.2025, 09:28, 1129.000000, 8.000000,
CH1112956201, 08.07.2025, 09:28, 1128.000000, 3.000000,
CH1112956201, 08.07.2025, 09:47, 1128.000000, 5.000000,
CH1112956201, 08.07.2025, 11:04, 1128.000000, 1.000000,
CH1112956201, 08.07.2025, 16:49, 1160.000000, 15.000000,
CH1112956201, 08.07.2025, 16:49, 1168.000000, 2.000000,
CH1112956201, 08.07.2025, 16:49, 1170.000000, 13.000000,
CH1112956201, 10.07.2025, 13:46, 1170.000000, 15.000000,
CH1112956201, 11.07.2025, 10:55, 1129.000000, 15.000000,
CH1112956201, 11.07.2025, 16:04, 1168.000000, 15.000000,
CH1112956201, 11.07.2025, 16:19, 1168.000000, 15.000000,
CH1112956201, 14.07.2025, 08:30, 1128.000000, 30.000000,
CH1112956201, 15.07.2025, 09:52, 1167.000000, 15.000000,
CH1112956201, 15.07.2025, 10:34, 1176.000000, 5.000000,
CH1112956201, 15.07.2025, 15:23, 1176.000000, 2.000000,
CH1112956201, 15.07.2025, 09:52, 1176.000000, 35.000000,
CH1112956201, 15.07.2025, 15:23, 1188.000000, 18.000000,
CH1112956201, 17.07.2025, 13:16, 1130.000000, 2.000000,
CH1112956201, 16.07.2025, 10:00, 1130.000000, 10.000000,
CH1112956201, 22.07.2025, 10:34, 1180.000000, 15.000000,
CH1112956201, 22.07.2025, 16:13, 1150.000000, 15.000000,
CH1112956201, 22.07.2025, 08:30, 1180.000000, 10.000000,
CH1112956201, 22.07.2025, 08:30, 1180.000000, 10.000000,
CH1112956201, 24.07.2025, 11:27, 1136.000000, 20.000000,
CH1112956201, 25.07.2025, 10:31, 1135.000000, 10.000000,
CH1112956201, 25.07.2025, 10:43, 1175.000000, 5.000000,
CH1112956201, 25.07.2025, 11:05, 1175.000000, 7.000000,
CH1112956201, 25.07.2025, 13:58, 1189.000000, 1.000000,
CH1112956201, 25.07.2025, 10:31, 1133.000000, 5.000000,
CH1112956201, 25.07.2025, 11:05, 1180.000000, 5.000000,
CH1112956201, 25.07.2025, 11:05, 1189.000000, 4.000000,
CH1112956201, 28.07.2025, 15:03, 1180.000000, 15.000000,
CH1112956201, 28.07.2025, 15:33, 1135.000000, 15.000000,
CH1112956201, 29.07.2025, 08:31, 1135.000000, 9.000000,
CH1112956201, 29.07.2025, 08:59, 1185.000000, 15.000000,
CH1112956201, 29.07.2025, 09:45, 1189.000000, 60.000000,
CH1112956201, 28.07.2025, 15:33, 1135.000000, 5.000000,
CH1112956201, 29.07.2025, 08:59, 1189.000000, 35.000000,
CH1112956201, 29.07.2025, 09:45, 1190.000000, 10.000000,
CH1112956201, 30.07.2025, 09:23, 1150.000000, 20.000000,
CH1112956201, 30.07.2025, 13:35, 1150.000000, 10.000000,
CH1112956201, 30.07.2025, 13:55, 1190.000000, 15.000000,
CH1112956201, 04.08.2025, 08:30, 1151.000000, 42.000000,
CH1112956201, 04.08.2025, 10:18, 1151.000000, 10.000000,
CH1112956201, 04.08.2025, 16:21, 1155.000000, 5.000000,
CH1112956201, 07.08.2025, 09:15, 1180.000000, 15.000000,
CH1112956201, 07.08.2025, 10:01, 1158.000000, 16.000000,
CH1112956201, 07.08.2025, 10:28, 1158.000000, 15.000000,
CH1112956201, 07.08.2025, 14:26, 1180.000000, 5.000000,
CH1112956201, 07.08.2025, 15:40, 1180.000000, 15.000000,
CH1112956201, 07.08.2025, 15:55, 1158.000000, 4.000000,
CH1112956201, 07.08.2025, 16:04, 1180.000000, 5.000000,
CH1112956201, 08.08.2025, 11:43, 1195.000000, 10.000000,
CH1112956201, 08.08.2025, 13:56, 1195.000000, 4.000000,
CH1112956201, 07.08.2025, 15:55, 1157.000000, 15.000000,
CH1112956201, 07.08.2025, 16:04, 1195.000000, 25.000000,
CH1112956201, 08.08.2025, 13:56, 1200.000000, 8.000000,
CH1112956201, 07.08.2025, 15:55, 1156.000000, 6.000000,
CH1112956201, 08.08.2025, 13:56, 1210.000000, 18.000000,
CH1112956201, 12.08.2025, 10:31, 1195.000000, 5.000000,
CH1112956201, 12.08.2025, 12:24, 1210.000000, 15.000000,
CH1112956201, 12.08.2025, 14:02, 1196.000000, 5.000000,
CH1112956201, 12.08.2025, 15:16, 1200.000000, 5.000000,
CH1112956201, 12.08.2025, 15:41, 1210.000000, 10.000000,
CH1112956201, 12.08.2025, 16:22, 1210.000000, 20.000000,
CH1112956201, 11.08.2025, 16:47, 1210.000000, 16.000000,
CH1112956201, 12.08.2025, 12:24, 1195.000000, 10.000000,
CH1112956201, 12.08.2025, 15:16, 1210.000000, 10.000000,
CH1112956201, 13.08.2025, 10:58, 1210.000000, 11.000000,
CH1112956201, 13.08.2025, 13:52, 1219.000000, 15.000000,
CH1112956201, 13.08.2025, 15:13, 1196.000000, 4.000000,
CH1112956201, 14.08.2025, 11:14, 1215.000000, 6.000000,
CH1112956201, 13.08.2025, 10:58, 1219.000000, 4.000000,
CH1112956201, 19.08.2025, 09:56, 1215.000000, 4.000000,
CH1112956201, 19.08.2025, 10:54, 1196.000000, 6.000000,
CH1112956201, 19.08.2025, 09:56, 1219.000000, 12.000000,
CH1112956201, 19.08.2025, 10:54, 1196.000000, 2.000000,
CH1112956201, 19.08.2025, 10:54, 1195.000000, 1.000000,
CH1112956201, 21.08.2025, 15:39, 1219.000000, 15.000000,
CH1112956201, 19.08.2025, 10:54, 1194.000000, 6.000000,
CH1112956201, 21.08.2025, 15:48, 1194.000000, 5.000000,
CH1112956201, 21.08.2025, 16:16, 1219.000000, 15.000000,
CH1112956201, 22.08.2025, 11:38, 1219.000000, 2.000000,
CH1112956201, 25.08.2025, 08:30, 1194.000000, 20.000000,
CH1112956201, 22.08.2025, 11:38, 1220.000000, 13.000000,
CH1112956201, 25.08.2025, 10:18, 1220.000000, 12.000000,
CH1112956201, 25.08.2025, 10:18, 1220.000000, 2.000000,
CH1112956201, 25.08.2025, 10:48, 1220.000000, 21.000000,
CH1112956201, 25.08.2025, 11:32, 1194.000000, 20.000000,
CH1112956201, 25.08.2025, 15:04, 1220.000000, 24.000000,
CH1112956201, 26.08.2025, 08:30, 1220.000000, 6.000000,
CH1112956201, 26.08.2025, 08:30, 1195.000000, 14.000000,
CH1112956201, 28.08.2025, 12:54, 1211.000000, 10.000000,
CH1112956201, 29.08.2025, 08:30, 1211.000000, 6.000000,
CH1112956201, 29.08.2025, 08:55, 1240.000000, 3.000000,
CH1112956201, 01.09.2025, 09:17, 1230.000000, 14.000000,
CH1112956201, 01.09.2025, 10:02, 1230.000000, 5.000000,
CH1112956201, 01.09.2025, 12:09, 1221.000000, 30.000000,
CH1112956201, 01.09.2025, 13:53, 1230.000000, 4.000000,
CH1112956201, 01.09.2025, 15:30, 1230.000000, 15.000000,
CH1112956201, 02.09.2025, 08:30, 1230.000000, 15.000000,
CH1112956201, 02.09.2025, 08:30, 1230.000000, 9.000000,
CH1112956201, 02.09.2025, 10:16, 1230.000000, 30.000000,
CH1112956201, 02.09.2025, 10:52, 1230.000000, 8.000000,
CH1112956201, 02.09.2025, 11:05, 1232.000000, 15.000000,
CH1112956201, 02.09.2025, 11:08, 1232.000000, 16.000000,
CH1112956201, 02.09.2025, 11:09, 1232.000000, 30.000000,
CH1112956201, 02.09.2025, 10:52, 1232.000000, 7.000000,
CH1112956201, 02.09.2025, 16:39, 1232.000000, 32.000000,
CH1112956201, 03.09.2025, 15:03, 1234.000000, 38.000000,
CH1112956201, 04.09.2025, 08:30, 1234.000000, 62.000000,
CH1112956201, 04.09.2025, 15:30, 1236.000000, 15.000000,
CH1112956201, 05.09.2025, 11:49, 1236.000000, 15.000000,
CH1112956201, 05.09.2025, 13:51, 1236.000000, 40.000000,
CH1112956201, 08.09.2025, 11:07, 1236.000000, 15.000000,
CH1112956201, 08.09.2025, 11:23, 1236.000000, 15.000000,
CH1112956201, 09.09.2025, 10:37, 1238.000000, 5.000000,
CH1112956201, 09.09.2025, 11:13, 1238.000000, 5.000000,
CH1112956201, 08.09.2025, 11:23, 1238.000000, 50.000000,
CH1112956201, 10.09.2025, 08:30, 1238.000000, 5.000000,
CH1112956201, 10.09.2025, 09:56, 1238.000000, 15.000000,
CH1112956201, 10.09.2025, 10:10, 1230.000000, 10.000000,
CH1112956201, 10.09.2025, 11:29, 1230.000000, 10.000000,
CH1112956201, 10.09.2025, 14:51, 1238.000000, 20.000000,
CH1112956201, 10.09.2025, 15:56, 1240.000000, 15.000000,
CH1112956201, 11.09.2025, 08:30, 1240.000000, 12.000000,
CH1112956201, 11.09.2025, 09:18, 1240.000000, 20.000000,
CH1112956201, 11.09.2025, 08:30, 1240.000000, 18.000000,
CH1112956201, 11.09.2025, 13:00, 1240.000000, 14.000000,
CH1112956201, 15.09.2025, 09:48, 1240.000000, 3.000000,
CH1112956201, 12.09.2025, 09:02, 1230.000000, 30.000000,
CH1112956201, 15.09.2025, 13:20, 1240.000000, 18.000000,
CH1112956201, 15.09.2025, 14:04, 1242.000000, 15.000000,
CH1112956201, 15.09.2025, 15:44, 1227.000000, 13.000000,
CH1112956201, 16.09.2025, 13:56, 1235.000000, 15.000000,
CH1112956201, 15.09.2025, 13:20, 1242.000000, 2.000000,
CH1112956201, 16.09.2025, 16:36, 1280.000000, 4.000000,
CH1112956201, 16.09.2025, 16:36, 1300.000000, 11.000000,
CH1112956201, 18.09.2025, 10:08, 1259.000000, 17.000000,
CH1112956201, 18.09.2025, 10:33, 1259.000000, 70.000000,
CH1112956201, 18.09.2025, 13:26, 1250.000000, 20.000000,
CH1112956201, 18.09.2025, 15:31, 1259.000000, 5.000000,
CH1112956201, 18.09.2025, 16:52, 1259.000000, 8.000000,
CH1112956201, 19.09.2025, 08:30, 1261.000000, 70.000000,
CH1112956201, 19.09.2025, 10:48, 1261.000000, 30.000000,
CH1112956201, 19.09.2025, 11:00, 1263.000000, 15.000000,
CH1112956201, 19.09.2025, 11:49, 1259.000000, 22.000000,
CH1112956201, 22.09.2025, 09:30, 1258.000000, 5.000000,
CH1112956201, 19.09.2025, 11:49, 1250.000000, 3.000000,
CH1112956201, 22.09.2025, 09:32, 1258.000000, 5.000000,
CH1112956201, 23.09.2025, 08:30, 1270.000000, 2.000000,
CH1112956201, 24.09.2025, 08:30, 1270.000000, 15.000000,
CH1112956201, 24.09.2025, 10:01, 1258.000000, 10.000000,
CH1112956201, 24.09.2025, 10:34, 1255.000000, 25.000000,
CH1112956201, 24.09.2025, 11:47, 1270.000000, 23.000000,
CH1112956201, 25.09.2025, 11:13, 1270.000000, 26.000000,
CH1112956201, 25.09.2025, 11:57, 1270.000000, 9.000000,
CH1112956201, 25.09.2025, 12:01, 1270.000000, 9.000000,
CH1112956201, 24.09.2025, 10:01, 1255.000000, 5.000000,
CH1112956201, 25.09.2025, 08:30, 1270.000000, 10.000000,
CH1112956201, 25.09.2025, 15:13, 1270.000000, 2.000000,
CH1112956201, 26.09.2025, 10:50, 1270.000000, 4.000000,
CH1112956201, 26.09.2025, 10:50, 1272.000000, 11.000000,
CH1112956201, 26.09.2025, 09:42, 1270.000000, 15.000000,
CH1112956201, 29.09.2025, 09:26, 1257.000000, 3.000000,
CH1112956201, 29.09.2025, 10:15, 1257.000000, 60.000000,
CH1112956201, 29.09.2025, 13:57, 1272.000000, 11.000000,
CH1112956201, 30.09.2025, 16:26, 1272.000000, 3.000000,
CH1112956201, 01.10.2025, 09:28, 1272.000000, 15.000000,
CH1112956201, 01.10.2025, 14:42, 1272.000000, 15.000000,
CH1112956201, 01.10.2025, 15:02, 1272.000000, 30.000000,
CH1112956201, 01.10.2025, 15:39, 1272.000000, 15.000000,
CH1112956201, 01.10.2025, 16:56, 1258.000000, 5.000000,
CH1112956201, 01.10.2025, 10:59, 1258.000000, 20.000000,
CH1112956201, 02.10.2025, 09:30, 1272.000000, 15.000000,
CH1112956201, 02.10.2025, 09:55, 1272.000000, 15.000000,
CH1112956201, 02.10.2025, 16:13, 1272.000000, 10.000000,
CH1112956201, 03.10.2025, 08:30, 1272.000000, 8.000000,
CH1112956201, 03.10.2025, 13:23, 1272.000000, 15.000000,
CH1112956201, 03.10.2025, 11:17, 1258.000000, 15.000000,
CH1112956201, 03.10.2025, 14:48, 1259.000000, 5.000000,
CH1112956201, 06.10.2025, 09:18, 1260.000000, 5.000000,
CH1112956201, 06.10.2025, 13:23, 1274.000000, 10.000000,
CH1112956201, 07.10.2025, 08:30, 1270.000000, 5.000000,
CH1112956201, 07.10.2025, 08:30, 1274.000000, 10.000000,
CH1112956201, 07.10.2025, 16:24, 1260.000000, 5.000000,
CH1112956201, 07.10.2025, 16:18, 1260.000000, 7.000000,
CH1112956201, 08.10.2025, 12:11, 1274.000000, 15.000000,
CH1112956201, 08.10.2025, 14:34, 1260.000000, 2.000000,
CH1112956201, 08.10.2025, 14:53, 1274.000000, 15.000000,
CH1112956201, 08.10.2025, 16:07, 1274.000000, 15.000000,
CH1112956201, 09.10.2025, 10:11, 1260.000000, 24.000000,
CH1112956201, 09.10.2025, 15:58, 1274.000000, 20.000000,
CH1112956201, 09.10.2025, 15:58, 1274.000000, 2.000000,
CH1112956201, 13.10.2025, 09:26, 1274.000000, 2.000000,
CH1112956201, 13.10.2025, 14:27, 1274.000000, 1.000000,
CH1112956201, 13.10.2025, 14:27, 1285.000000, 5.000000,
CH1112956201, 13.10.2025, 15:48, 1300.000000, 1.000000,
CH1112956201, 14.10.2025, 09:28, 1300.000000, 3.000000,
CH1112956201, 13.10.2025, 14:27, 1300.000000, 9.000000,
CH1112956201, 14.10.2025, 16:47, 1270.000000, 20.000000,
CH1112956201, 15.10.2025, 08:31, 1262.000000, 1.000000,
CH1112956201, 15.10.2025, 16:50, 1262.000000, 15.000000,
CH1112956201, 16.10.2025, 08:41, 1270.000000, 1.000000,
CH1112956201, 16.10.2025, 11:13, 1270.000000, 15.000000,
CH1112956201, 17.10.2025, 14:15, 1270.000000, 15.000000,
CH1112956201, 17.10.2025, 11:29, 1270.000000, 25.000000,
CH1112956201, 20.10.2025, 11:26, 1267.000000, 15.000000,
CH1112956201, 20.10.2025, 14:52, 1270.000000, 25.000000,
CH1112956201, 21.10.2025, 14:04, 1267.000000, 1.000000,
CH1112956201, 21.10.2025, 14:43, 1267.000000, 20.000000,
CH1112956201, 21.10.2025, 14:59, 1270.000000, 3.000000,
CH1112956201, 21.10.2025, 15:32, 1270.000000, 1.000000,
CH1112956201, 22.10.2025, 08:30, 1280.000000, 15.000000,
CH1112956201, 21.10.2025, 15:32, 1280.000000, 29.000000,
CH1112956201, 22.10.2025, 13:48, 1267.000000, 17.000000,
CH1112956201, 23.10.2025, 08:30, 1267.000000, 17.000000,
CH1112956201, 21.10.2025, 11:39, 1267.000000, 2.000000,
CH1112956201, 24.10.2025, 08:30, 1267.000000, 15.000000,
CH1112956201, 24.10.2025, 10:58, 1267.000000, 53.000000,
CH1112956201, 24.10.2025, 14:53, 1280.000000, 16.000000,
CH1112956201, 24.10.2025, 15:56, 1280.000000, 5.000000,
CH1112956201, 27.10.2025, 08:30, 1267.000000, 7.000000,
CH1112956201, 27.10.2025, 10:34, 1267.000000, 10.000000,
CH1112956201, 27.10.2025, 10:43, 1280.000000, 35.000000,
CH1112956201, 27.10.2025, 10:43, 1281.000000, 15.000000,
CH1112956201, 29.10.2025, 09:42, 1267.000000, 10.000000,
CH1112956201, 30.10.2025, 08:30, 1267.000000, 8.000000,
CH1112956201, 30.10.2025, 08:30, 1266.000000, 12.000000,
CH1112956201, 31.10.2025, 09:48, 1281.000000, 5.000000,
CH1112956201, 03.11.2025, 08:30, 1266.000000, 6.000000,
CH1112956201, 03.11.2025, 09:33, 1281.000000, 15.000000,
CH1112956201, 03.11.2025, 10:44, 1281.000000, 7.000000,
CH1112956201, 03.11.2025, 11:54, 1281.000000, 6.000000,
CH1112956201, 04.11.2025, 08:30, 1281.000000, 15.000000,
CH1112956201, 04.11.2025, 10:16, 1281.000000, 15.000000,
CH1112956201, 04.11.2025, 10:16, 1281.000000, 15.000000,
CH1112956201, 04.11.2025, 10:48, 1281.000000, 15.000000,
CH1112956201, 05.11.2025, 09:40, 1281.000000, 10.000000,
CH1112956201, 05.11.2025, 13:27, 1283.000000, 20.000000,
CH1112956201, 05.11.2025, 15:31, 1283.000000, 15.000000,
CH1112956201, 05.11.2025, 09:40, 1283.000000, 5.000000,
CH1112956201, 07.11.2025, 11:50, 1283.000000, 15.000000,
CH1112956201, 10.11.2025, 08:30, 1270.000000, 10.000000,
CH1112956201, 10.11.2025, 09:59, 1283.000000, 15.000000,
CH1112956201, 12.11.2025, 10:19, 1271.000000, 15.000000,
CH1112956201, 12.11.2025, 10:19, 1271.000000, 5.000000,
CH1112956201, 12.11.2025, 14:18, 1283.000000, 10.000000,
CH1112956201, 13.11.2025, 08:38, 1283.000000, 20.000000,
CH1112956201, 13.11.2025, 10:26, 1285.000000, 15.000000,
CH1112956201, 13.11.2025, 15:34, 1285.000000, 15.000000,
CH1112956201, 14.11.2025, 11:29, 1285.000000, 15.000000,
CH1112956201, 14.11.2025, 11:53, 1271.000000, 10.000000,
CH1112956201, 14.11.2025, 11:53, 1270.000000, 10.000000,
CH1112956201, 14.11.2025, 16:52, 1285.000000, 20.000000,
CH1112956201, 17.11.2025, 09:03, 1285.000000, 15.000000,
CH1112956201, 17.11.2025, 11:23, 1285.000000, 20.000000,
CH1112956201, 17.11.2025, 13:37, 1290.000000, 15.000000,
CH1112956201, 17.11.2025, 16:46, 1287.000000, 15.000000,
CH1112956201, 18.11.2025, 09:09, 1287.000000, 15.000000,
CH1112956201, 18.11.2025, 12:15, 1287.000000, 21.000000,
CH1112956201, 18.11.2025, 15:38, 1287.000000, 49.000000,
CH1112956201, 18.11.2025, 15:38, 1289.000000, 31.000000,
CH1112956201, 19.11.2025, 13:22, 1280.000000, 3.000000,
CH1112956201, 19.11.2025, 16:47, 1280.000000, 12.000000,
CH1112956201, 20.11.2025, 10:35, 1289.000000, 15.000000,
CH1112956201, 20.11.2025, 11:27, 1289.000000, 20.000000,
CH1112956201, 20.11.2025, 14:32, 1289.000000, 6.000000,
CH1112956201, 20.11.2025, 14:41, 1289.000000, 15.000000,
CH1112956201, 21.11.2025, 09:08, 1274.000000, 9.000000,
CH1112956201, 19.11.2025, 16:47, 1274.000000, 13.000000,
CH1112956201, 21.11.2025, 15:11, 1289.000000, 13.000000,
CH1112956201, 24.11.2025, 08:30, 1274.000000, 6.000000,
CH1112956201, 24.11.2025, 12:26, 1289.000000, 6.000000,
CH1112956201, 24.11.2025, 12:26, 1289.000000, 5.000000,
CH1112956201, 25.11.2025, 09:47, 1274.000000, 25.000000,
CH1112956201, 25.11.2025, 15:03, 1274.000000, 13.000000,
CH1112956201, 25.11.2025, 15:34, 1274.000000, 20.000000,
CH1112956201, 21.11.2025, 15:11, 1289.000000, 7.000000,
CH1112956201, 24.11.2025, 12:26, 1289.000000, 9.000000,
CH1112956201, 26.11.2025, 08:30, 1274.000000, 15.000000,
CH1112956201, 26.11.2025, 09:10, 1274.000000, 9.000000,
CH1112956201, 26.11.2025, 10:04, 1274.000000, 40.000000,
CH1112956201, 26.11.2025, 10:28, 1274.000000, 20.000000,
CH1112956201, 26.11.2025, 13:18, 1289.000000, 1.000000,
CH1112956201, 26.11.2025, 13:23, 1289.000000, 11.000000,
CH1112956201, 26.11.2025, 13:46, 1289.000000, 15.000000,
CH1112956201, 26.11.2025, 14:03, 1289.000000, 15.000000,
CH1112956201, 26.11.2025, 14:03, 1274.000000, 15.000000,
CH1112956201, 26.11.2025, 14:16, 1274.000000, 1.000000,
CH1112956201, 27.11.2025, 10:08, 1289.000000, 20.000000,
CH1112956201, 27.11.2025, 10:34, 1275.000000, 20.000000,
CH1112956201, 26.11.2025, 13:18, 1289.000000, 14.000000,
CH1112956201, 26.11.2025, 13:23, 1289.000000, 4.000000,
CH1112956201, 26.11.2025, 14:03, 1274.000000, 1.000000,
CH1112956201, 27.11.2025, 13:23, 1289.000000, 15.000000,
CH1112956201, 26.11.2025, 14:03, 1274.000000, 1.000000,
CH1112956201, 27.11.2025, 16:12, 1275.000000, 8.000000,
CH1112956201, 28.11.2025, 09:06, 1275.000000, 7.000000,
CH1112956201, 28.11.2025, 14:38, 1289.000000, 4.000000,
CH1112956201, 28.11.2025, 16:01, 1289.000000, 15.000000,
CH1112956201, 01.12.2025, 14:06, 1275.000000, 3.000000,
CH1112956201, 01.12.2025, 15:32, 1280.000000, 3.000000,
CH1112956201, 01.12.2025, 15:36, 1280.000000, 20.000000,
CH1112956201, 01.12.2025, 15:54, 1280.000000, 20.000000,
CH1112956201, 01.12.2025, 15:55, 1280.000000, 42.000000,
CH1112956201, 02.12.2025, 11:17, 1275.000000, 4.000000,
CH1112956201, 02.12.2025, 11:56, 1275.000000, 8.000000,
CH1112956201, 02.12.2025, 13:34, 1289.000000, 16.000000,
CH1112956201, 02.12.2025, 15:21, 1289.000000, 28.000000,
CH1112956201, 02.12.2025, 15:21, 1290.000000, 20.000000,
CH1112956201, 03.12.2025, 08:30, 1289.000000, 2.000000,
CH1112956201, 03.12.2025, 11:13, 1290.000000, 20.000000,
CH1112956201, 03.12.2025, 11:14, 1290.000000, 10.000000,
CH1112956201, 01.12.2025, 15:55, 1289.000000, 3.000000,
CH1112956201, 02.12.2025, 11:56, 1274.000000, 2.000000,
CH1112956201, 02.12.2025, 15:21, 1289.000000, 15.000000,
CH1112956201, 03.12.2025, 11:14, 1289.000000, 10.000000,
CH1112956201, 02.12.2025, 15:21, 1290.000000, 30.000000,
CH1112956201, 04.12.2025, 14:04, 1300.000000, 6.000000,
CH1112956201, 04.12.2025, 14:51, 1295.000000, 15.000000,
CH1112956201, 04.12.2025, 16:15, 1300.000000, 10.000000,
CH1112956201, 04.12.2025, 16:17, 1300.000000, 15.000000,
CH1112956201, 04.12.2025, 16:58, 1295.000000, 10.000000,
CH1112956201, 05.12.2025, 08:49, 1300.000000, 20.000000,
CH1112956201, 05.12.2025, 10:37, 1295.000000, 5.000000,
CH1112956201, 04.12.2025, 14:28, 1295.000000, 10.000000,
CH1112956201, 05.12.2025, 10:37, 1290.000000, 5.000000,
CH1112956201, 05.12.2025, 16:51, 1300.000000, 10.000000,
CH1112956201, 08.12.2025, 08:31, 1300.000000, 1.000000,
CH1112956201, 08.12.2025, 10:58, 1300.000000, 4.000000,
CH1112956201, 08.12.2025, 10:58, 1289.000000, 3.000000,
CH1112956201, 08.12.2025, 11:29, 1303.000000, 20.000000,
CH1112956201, 08.12.2025, 10:58, 1288.000000, 8.000000,
CH1112956201, 09.12.2025, 08:30, 1303.000000, 40.000000,
CH1112956201, 09.12.2025, 10:40, 1303.000000, 40.000000,
CH1112956201, 09.12.2025, 10:42, 1303.000000, 8.000000,
CH1112956201, 09.12.2025, 13:52, 1303.000000, 7.000000,
CH1112956201, 09.12.2025, 14:17, 1300.000000, 17.000000,
CH1112956201, 09.12.2025, 14:47, 1305.000000, 20.000000,
CH1112956201, 09.12.2025, 15:13, 1290.000000, 26.000000,
CH1112956201, 09.12.2025, 16:43, 1305.000000, 20.000000,
CH1112956201, 09.12.2025, 13:52, 1300.000000, 3.000000,
CH1112956201, 09.12.2025, 14:17, 1290.000000, 28.000000,
CH1112956201, 10.12.2025, 14:49, 1305.000000, 39.000000,
CH1112956201, 10.12.2025, 16:13, 1301.000000, 15.000000,
CH1112956201, 11.12.2025, 08:30, 1305.000000, 21.000000,
CH1112956201, 11.12.2025, 09:56, 1307.000000, 5.000000,
CH1112956201, 11.12.2025, 14:37, 1305.000000, 15.000000,
CH1112956201, 11.12.2025, 08:30, 1305.000000, 54.000000,
CH1112956201, 12.12.2025, 10:19, 1306.000000, 6.000000,
CH1112956201, 12.12.2025, 11:15, 1305.000000, 20.000000,
CH1112956201, 12.12.2025, 15:27, 1307.000000, 15.000000,
CH1112956201, 12.12.2025, 10:19, 1305.000000, 14.000000,
CH1112956201, 15.12.2025, 10:47, 1307.000000, 25.000000,
CH1112956201, 15.12.2025, 11:26, 1307.000000, 40.000000,
CH1112956201, 15.12.2025, 11:38, 1309.000000, 44.000000,
CH1112956201, 15.12.2025, 11:48, 1309.000000, 15.000000,
CH1112956201, 15.12.2025, 11:50, 1309.000000, 14.000000,
CH1112956201, 15.12.2025, 13:18, 1309.000000, 14.000000,
CH1112956201, 15.12.2025, 14:27, 1309.000000, 13.000000,
CH1112956201, 15.12.2025, 14:27, 1311.000000, 7.000000,
CH1112956201, 15.12.2025, 08:32, 1307.000000, 15.000000,
CH1112956201, 16.12.2025, 08:30, 1311.000000, 10.000000,
CH1112956201, 16.12.2025, 09:41, 1311.000000, 15.000000,
CH1112956201, 16.12.2025, 11:18, 1311.000000, 15.000000,
CH1112956201, 16.12.2025, 14:30, 1311.000000, 15.000000,
CH1112956201, 16.12.2025, 15:18, 1307.000000, 1.000000,
CH1112956201, 16.12.2025, 16:04, 1311.000000, 10.000000,
CH1112956201, 16.12.2025, 16:58, 1311.000000, 10.000000,
